0.7500 0.2500 1.0087
0.7500 0.2500 1.0467
0.7500 0.2500 1.0833
0.7500 0.2500 1.1285
0.7500 0.2500 1.1735
0.7500 0.2500 1.2176
0.7500 0.2500 1.2596
0.7500 0.2500 1.2984
0.7500 0.2500 1.3339
0.7500 0.2500 1.3662
0.7500 0.2500 1.3950
0.7500 0.2500 1.4206
0.7500 0.2500 1.4428
0.7500 0.2500 1.4616
0.7500 0.2500 1.4769
0.7500 0.2500 1.4888
0.7500 0.2500 1.4971
0.7500 0.2500 1.5000
0.7500 0.2500 1.5000
0.7553 0.2442 1.4983
0.7606 0.2385 1.4966
0.7662 0.2323 1.4948
0.7723 0.2255 1.4929
0.7792 0.2179 1.4907
0.7867 0.2097 1.4883
0.7949 0.2007 1.4857
0.8038 0.1912 1.4830
0.8129 0.1813 1.4801
0.8221 0.1714 1.4772
0.8310 0.1618 1.4744
0.8396 0.1525 1.4717
0.8478 0.1436 1.4691
0.8556 0.1352 1.4666
0.8631 0.1271 1.4643
0.8706 0.1191 1.4619
0.8779 0.1113 1.4596
0.8850 0.1036 1.4574
0.8919 0.0960 1.4552
0.8987 0.0887 1.4531
0.9053 0.0816 1.4510
0.9117 0.0747 1.4490
0.9178 0.0681 1.4470
0.9259 0.0595 1.4445
0.9338 0.0510 1.4420
0.9414 0.0427 1.4396
0.9486 0.0350 1.4374
0.9551 0.0281 1.4353
0.9609 0.0219 1.4335
0.9660 0.0164 1.4319
0.9705 0.0115 1.4305
0.9745 0.0073 1.4292
0.9779 0.0036 1.4282
0.9804 0.0009 1.4274
0.9813 -0.0000 1.4271
0.9813 -0.0000 1.4271
0.9813 -0.0000 1.4271
0.9813 -0.0000 1.4271
0.9813 -0.0000 1.4271
0.9813 -0.0000 1.4271
0.9813 -0.0000 1.4271
0.9813 -0.0000 1.4271
0.9813 -0.0000 1.4271
0.9813 -0.0000 1.4271
0.9813 -0.0000 1.4271
0.9813 -0.0000 1.4271
0.9813 -0.0000 1.4271
0.9813 -0.0000 1.4271
0.9813 -0.0000 1.4271
0.9813 -0.0000 1.4271
0.9813 -0.0000 1.4271
0.9813 -0.0000 1.4271
0.9813 -0.0000 1.4271
0.9813 -0.0000 1.4271
0.9813 -0.0000 1.4271
0.9813 -0.0000 1.4271
0.9813 -0.0000 1.4271
0.9813 -0.0000 1.4271
0.9813 -0.0000 1.4271
0.9813 -0.0000 1.4271
0.9813 -0.0000 1.4271
0.9813 -0.0000 1.4271
0.9813 -0.0000 1.4271
0.9813 -0.0000 1.4271
0.9812 -0.0000 1.4272
0.9811 -0.0000 1.4273
0.9811 -0.0000 1.4273
0.9809 -0.0000 1.4275
0.9808 -0.0000 1.4276
0.9806 -0.0000 1.4278
0.9804 -0.0000 1.4280
0.9801 -0.0000 1.4283
0.9798 -0.0000 1.4286
0.9794 -0.0000 1.4290
0.9789 -0.0000 1.4295
0.9783 -0.0000 1.4301
0.9776 -0.0000 1.4308
0.9769 -0.0000 1.4315
0.9760 0.0000 1.4324
0.9750 0.0000 1.4334
0.9739 0.0000 1.4345
0.9727 0.0001 1.4357
0.9714 0.0001 1.4370
0.9699 0.0002 1.4385
0.9682 0.0003 1.4402
0.9664 0.0004 1.4420
0.9644 0.0005 1.4439
0.9623 0.0007 1.4461
0.9600 0.0009 1.4484
0.9576 0.0011 1.4508
0.9549 0.0014 1.4535
0.9521 0.0018 1.4563
0.9491 0.0021 1.4593
0.9459 0.0026 1.4625
0.9426 0.0031 1.4658
0.9390 0.0036 1.4694
0.9352 0.0042 1.4732
0.9313 0.0049 1.4771
0.9271 0.0057 1.4813
0.9227 0.0065 1.4857
0.9181 0.0075 1.4903
0.9134 0.0085 1.4950
0.9084 0.0097 1.5000
0.9032 0.0109 1.5052
0.8978 0.0123 1.5106
0.8923 0.0138 1.5161
0.8865 0.0154 1.5219
0.8805 0.0171 1.5279
0.8744 0.0190 1.5341
0.8680 0.0211 1.5404
0.8614 0.0233 1.5470
0.8547 0.0257 1.5537
0.8477 0.0282 1.5607
0.8406 0.0310 1.5678
0.8333 0.0339 1.5751
0.8258 0.0370 1.5826
0.8182 0.0403 1.5902
0.8103 0.0439 1.5981
0.8024 0.0477 1.6061
0.7942 0.0517 1.6142
0.7859 0.0560 1.6225
0.7774 0.0605 1.6310
0.7688 0.0653 1.6396
0.7601 0.0703 1.6484
0.7512 0.0757 1.6572
0.7422 0.0813 1.6662
0.7331 0.0872 1.6754
0.7238 0.0934 1.6846
0.7145 0.1000 1.6940
0.7050 0.1069 1.7034
0.6955 0.1141 1.7129
0.6859 0.1217 1.7225
0.6762 0.1296 1.7322
0.6665 0.1379 1.7419
0.6567 0.1465 1.7517
0.6469 0.1555 1.7616
0.6370 0.1649 1.7714
0.6271 0.1747 1.7813
0.6172 0.1849 1.7912
0.6073 0.1954 1.8011
0.5974 0.2064 1.8110
0.5875 0.2177 1.8209
0.5777 0.2295 1.8308
0.5679 0.2417 1.8406
0.5581 0.2542 1.8503
0.5484 0.2672 1.8601
0.5388 0.2806 1.8697
0.5292 0.2944 1.8792
0.5198 0.3087 1.8887
0.5104 0.3234 1.8980
0.5012 0.3384 1.9073
0.4921 0.3539 1.9164
0.4831 0.3699 1.9253
0.4743 0.3862 1.9341
0.4657 0.4030 1.9428
0.4572 0.4201 1.9512
0.4489 0.4377 1.9595
0.4409 0.4557 1.9676
0.4330 0.4741 1.9754
0.4254 0.4928 1.9831
0.4180 0.5120 1.9905
0.4109 0.5316 1.9976
0.4040 0.5515 2.0045
0.3974 0.5718 2.0110
0.3911 0.5925 2.0173
0.3851 0.6135 2.0233
0.3794 0.6348 2.0290
0.3741 0.6565 2.0344
0.3691 0.6784 2.0394
0.3644 0.7007 2.0441
0.3601 0.7233 2.0484
0.3562 0.7461 2.0523
0.3526 0.7692 2.0558
0.3495 0.7926 2.0590
0.3467 0.8162 2.0617
0.3444 0.8400 2.0640
0.3425 0.8640 2.0660
0.3410 0.8881 2.0674
0.3400 0.9125 2.0685
0.3394 0.9370 2.0690
0.3393 0.9616 2.0692
0.3396 0.9863 2.0688
0.3404 1.0111 2.0680
0.3417 1.0359 2.0667
0.3435 1.0608 2.0650
0.3457 1.0858 2.0627
0.3485 1.1107 2.0600
0.3517 1.1356 2.0568
0.3554 1.1604 2.0530
0.3597 1.1852 2.0488
0.3644 1.2099 2.0441
0.3696 1.2345 2.0388
0.3754 1.2589 2.0331
0.3816 1.2832 2.0269
0.3883 1.3073 2.0201
0.3955 1.3312 2.0129
0.4033 1.3548 2.0052
0.4115 1.3782 1.9970
0.4202 1.4013 1.9883
0.4294 1.4241 1.9791
0.4390 1.4466 1.9694
0.4491 1.4688 1.9593
0.4597 1.4906 1.9487
0.4708 1.5119 1.9377
0.4823 1.5329 1.9261
0.4943 1.5534 1.9142
0.5067 1.5734 1.9018
0.5195 1.5930 1.8890
0.5327 1.6120 1.8757
0.5464 1.6305 1.8621
0.5605 1.6485 1.8480
0.5749 1.6659 1.8335
0.5898 1.6827 1.8187
0.6050 1.6988 1.8035
0.6205 1.7144 1.7879
0.6364 1.7293 1.7720
0.6527 1.7435 1.7557
0.6692 1.7570 1.7392
0.6861 1.7699 1.7223
0.7032 1.7820 1.7052
0.7206 1.7934 1.6878
0.7382 1.8040 1.6702
0.7561 1.8139 1.6523
0.7742 1.8230 1.6342
0.7925 1.8314 1.6159
0.8110 1.8390 1.5974
0.8296 1.8457 1.5788
0.8483 1.8517 1.5601
0.8672 1.8569 1.5412
0.8862 1.8612 1.5222
0.9052 1.8647 1.5032
0.9244 1.8674 1.4840
0.9435 1.8692 1.4649
0.9627 1.8703 1.4457
0.9819 1.8705 1.4265
1.0010 1.8699 1.4074
1.0202 1.8684 1.3882
1.0393 1.8661 1.3691
1.0583 1.8630 1.3501
1.0772 1.8591 1.3312
1.0960 1.8544 1.3124
1.1147 1.8488 1.2937
1.1333 1.8425 1.2751
1.1517 1.8354 1.2567
1.1699 1.8275 1.2385
1.1879 1.8189 1.2204
1.2058 1.8095 1.2026
1.2233 1.7993 1.1850
1.2407 1.7884 1.1677
1.2578 1.7768 1.1505
1.2747 1.7645 1.1337
1.2912 1.7515 1.1172
1.3074 1.7379 1.1009
1.3234 1.7236 1.0850
1.3389 1.7086 1.0694
1.3542 1.6930 1.0542
1.3691 1.6769 1.0393
1.3836 1.6601 1.0248
1.3977 1.6428 1.0106
1.4114 1.6249 0.9969
1.4248 1.6065 0.9836
1.4377 1.5876 0.9707
1.4502 1.5682 0.9582
1.4622 1.5484 0.9461
1.4739 1.5281 0.9345
1.4850 1.5074 0.9233
1.4957 1.4863 0.9126
1.5060 1.4649 0.9023
1.5158 1.4431 0.8926
1.5251 1.4210 0.8833
1.5339 1.3986 0.8744
1.5422 1.3759 0.8661
1.5501 1.3529 0.8582
1.5575 1.3297 0.8508
1.5644 1.3063 0.8440
1.5708 1.2827 0.8376
1.5767 1.2590 0.8317
1.5821 1.2351 0.8262
1.5870 1.2111 0.8213
1.5915 1.1870 0.8169
1.5954 1.1628 0.8129
1.5989 1.1386 0.8094
1.6019 1.1144 0.8064
1.6044 1.0901 0.8039
1.6064 1.0659 0.8019
1.6080 1.0417 0.8003
1.6092 1.0176 0.7992
1.6098 0.9935 0.7985
1.6101 0.9695 0.7983
1.6099 0.9457 0.7985
1.6092 0.9219 0.7991
1.6082 0.8984 0.8001
1.6067 0.8749 0.8016
1.6048 0.8517 0.8035
1.6026 0.8286 0.8058
1.5999 0.8058 0.8084
1.5969 0.7832 0.8115
1.5934 0.7609 0.8149
1.5897 0.7388 0.8187
1.5855 0.7169 0.8228
1.5811 0.6953 0.8273
1.5763 0.6741 0.8321
1.5711 0.6531 0.8372
1.5657 0.6324 0.8426
1.5600 0.6120 0.8483
1.5540 0.5920 0.8544
1.5477 0.5723 0.8607
1.5411 0.5530 0.8672
1.5343 0.5340 0.8741
1.5272 0.5154 0.8811
1.5199 0.4972 0.8884
1.5124 0.4793 0.8960
1.5046 0.4618 0.9037
1.4967 0.4447 0.9116
1.4886 0.4280 0.9197
1.4803 0.4117 0.9280
1.4718 0.3958 0.9365
1.4632 0.3803 0.9451
1.4545 0.3651 0.9538
1.4456 0.3504 0.9627
1.4367 0.3361 0.9717
1.4276 0.3222 0.9808
1.4184 0.3086 0.9900
1.4091 0.2955 0.9992
1.3998 0.2827 1.0085
1.3904 0.2704 1.0179
1.3810 0.2584 1.0273
1.3715 0.2468 1.0368
1.3620 0.2356 1.0463
1.3525 0.2247 1.0558
1.3430 0.2142 1.0654
1.3334 0.2040 1.0749
1.3238 0.1941 1.0845
1.3143 0.1845 1.0941
1.3047 0.1752 1.1036
1.2951 0.1661 1.1132
1.2856 0.1574 1.1228
1.2761 0.1490 1.1323
1.2666 0.1408 1.1418
1.2571 0.1329 1.1512
1.2477 0.1252 1.1607
1.2382 0.1178 1.1701
1.2288 0.1106 1.1796
1.2195 0.1037 1.1889
1.2102 0.0971 1.1982
1.2010 0.0908 1.2074
1.1918 0.0848 1.2165
1.1828 0.0792 1.2255
1.1741 0.0736 1.2342
1.1656 0.0683 1.2428
1.1571 0.0634 1.2513
1.1487 0.0587 1.2596
1.1407 0.0543 1.2677
1.1328 0.0502 1.2756
1.1250 0.0463 1.2834
1.1175 0.0427 1.2909
1.1102 0.0394 1.2982
1.1030 0.0363 1.3054
1.0961 0.0335 1.3123
1.0894 0.0309 1.3190
1.0830 0.0284 1.3254
1.0769 0.0261 1.3315
1.0709 0.0239 1.3375
1.0652 0.0218 1.3431
1.0597 0.0201 1.3487
1.0544 0.0186 1.3540
1.0493 0.0171 1.3591
1.0445 0.0158 1.3639
1.0398 0.0145 1.3686
1.0354 0.0134 1.3730
1.0301 0.0117 1.3782
1.0250 0.0102 1.3834
1.0202 0.0088 1.3882
1.0158 0.0076 1.3926
1.0114 0.0065 1.3970
1.0074 0.0055 1.4010
1.0035 0.0046 1.4049
0.9995 0.0036 1.4089
0.9960 0.0028 1.4124
0.9927 0.0021 1.4157
0.9895 0.0014 1.4189
0.9862 0.0009 1.4222
0.9839 0.0004 1.4245
0.9822 0.0001 1.4262
0.9813 -0.0000 1.4271
0.9813 -0.0000 1.4271
0.9813 -0.0000 1.4271
0.9813 -0.0000 1.4271
0.9813 -0.0000 1.4271
0.9813 -0.0000 1.4271
0.9813 -0.0000 1.4271
0.9813 -0.0000 1.4271
0.9813 -0.0000 1.4271
0.9813 -0.0000 1.4271
0.9813 -0.0000 1.4271
0.9813 -0.0000 1.4271
0.9813 -0.0000 1.4271
0.9813 -0.0000 1.4271
0.9813 -0.0000 1.4271
0.9813 -0.0000 1.4271
0.9813 -0.0000 1.4271
0.9813 -0.0000 1.4271
0.9813 -0.0000 1.4271
0.9813 -0.0000 1.4271
0.9813 -0.0000 1.4271
0.9813 -0.0000 1.4271
0.9813 -0.0000 1.4271
0.9813 -0.0000 1.4271
0.9813 -0.0000 1.4271
0.9813 -0.0000 1.4271
0.9813 -0.0000 1.4271
0.9813 -0.0000 1.4271
0.9813 -0.0000 1.4271
0.9813 -0.0000 1.4271
0.9813 -0.0000 1.4271
0.9813 -0.0000 1.4271
0.9813 -0.0000 1.4271
0.9813 -0.0000 1.4271
0.9813 -0.0000 1.4271
0.9813 -0.0000 1.4271
0.9813 -0.0000 1.4271
0.9813 -0.0000 1.4271
0.9813 -0.0000 1.4271
0.9813 -0.0000 1.4271
0.9813 -0.0000 1.4271
0.9813 -0.0000 1.4271
0.9813 -0.0000 1.4271
0.9813 -0.0000 1.4271
0.9813 -0.0000 1.4271
0.9813 -0.0000 1.4271
0.9813 -0.0000 1.4271
0.9813 -0.0000 1.4271
0.9813 -0.0000 1.4271
0.9813 -0.0000 1.4271
0.9813 -0.0000 1.4271
0.9813 -0.0000 1.4271
0.9816 0.0081 1.4281
0.9820 0.0183 1.4295
0.9824 0.0309 1.4311
0.9829 0.0459 1.4331
0.9835 0.0630 1.4354
0.9841 0.0807 1.4377
0.9847 0.0977 1.4399
0.9852 0.1131 1.4420
0.9857 0.1271 1.4438
0.9888 0.2156 1.4554
0.9892 0.2279 1.4571
0.9895 0.2377 1.4583
0.9898 0.2450 1.4593
0.9900 0.2500 1.4600
0.9900 0.2500 1.4600
0.9900 0.2500 1.4600
0.9900 0.2500 1.4600
0.9900 0.2500 1.4600
0.9900 0.2500 1.4600
0.9900 0.2500 1.4600
0.9900 0.2500 1.4600
0.9900 0.2500 1.4600
0.9900 0.2500 1.4600
0.9900 0.2500 1.4600
0.9900 0.2500 1.4600
0.9900 0.2500 1.4600
0.9900 0.2500 1.4600
0.9900 0.2500 1.4600
0.9900 0.2500 1.4600
0.9900 0.2500 1.4600
0.9900 0.2500 1.4600
0.9900 0.2500 1.4600
0.9896 0.2500 1.4603
0.9893 0.2500 1.4606
0.9890 0.2500 1.4609
0.9886 0.2500 1.4613
0.9882 0.2500 1.4617
0.9875 0.2500 1.4624
0.9868 0.2500 1.4631
0.9861 0.2500 1.4638
0.9850 0.2500 1.4649
0.9838 0.2500 1.4661
0.9827 0.2500 1.4672
0.9811 0.2500 1.4688
0.9796 0.2500 1.4703
0.9776 0.2500 1.4723
0.9756 0.2500 1.4743
0.9732 0.2500 1.4767
0.9711 0.2503 1.4788
0.9686 0.2506 1.4813
0.9660 0.2509 1.4839
0.9630 0.2513 1.4869
0.9599 0.2517 1.4900
0.9567 0.2520 1.4932
0.9532 0.2524 1.4967
0.9496 0.2528 1.5003
0.9458 0.2536 1.5041
0.9420 0.2543 1.5079
0.9378 0.2551 1.5121
0.9335 0.2559 1.5164
0.9291 0.2571 1.5208
0.9247 0.2583 1.5252
0.9198 0.2595 1.5301
0.9148 0.2608 1.5351
0.9098 0.2621 1.5401
0.9047 0.2635 1.5452
0.8991 0.2652 1.5508
0.8935 0.2669 1.5564
0.8879 0.2687 1.5620
0.8821 0.2708 1.5678
0.8762 0.2730 1.5737
0.8700 0.2756 1.5799
0.8637 0.2779 1.5862
0.8573 0.2806 1.5926
0.8508 0.2837 1.5991
0.8443 0.2869 1.6056
0.8374 0.2901 1.6125
0.8303 0.2937 1.6196
0.8233 0.2974 1.6266
0.8164 0.3015 1.6338
0.8092 0.3056 1.6410
0.8020 0.3102 1.6483
0.7946 0.3149 1.6556
0.7872 0.3197 1.6630
0.7795 0.3249 1.6708
0.7717 0.3302 1.6786
0.7641 0.3359 1.6862
0.7565 0.3417 1.6938
0.7488 0.3479 1.7015
0.7408 0.3546 1.7095
0.7328 0.3614 1.7176
0.7250 0.3687 1.7257
0.7171 0.3760 1.7336
0.7093 0.3835 1.7415
0.7014 0.3918 1.7493
0.6932 0.4002 1.7573
0.6853 0.4087 1.7652
0.6773 0.4177 1.7732
0.6693 0.4268 1.7812
0.6617 0.4368 1.7888
0.6540 0.4468 1.7965
0.6463 0.4574 1.8042
0.6386 0.4680 1.8119
0.6310 0.4792 1.8196
0.6233 0.4909 1.8272
0.6160 0.5024 1.8346
0.6086 0.5143 1.8419
0.6013 0.5268 1.8489
0.5941 0.5397 1.8561
0.5871 0.5531 1.8631
0.5805 0.5664 1.8696
0.5740 0.5801 1.8762
0.5675 0.5944 1.8827
0.5614 0.6088 1.8888
0.5553 0.6237 1.8948
0.5493 0.6387 1.9008
0.5437 0.6543 1.9064
0.5384 0.6700 1.9117
0.5329 0.6862 1.9171
0.5278 0.7025 1.9222
0.5231 0.7191 1.9269
0.5185 0.7360 1.9315
0.5143 0.7532 1.9357
0.5102 0.7705 1.9398
0.5069 0.7879 1.9431
0.5036 0.8058 1.9463
0.5005 0.8242 1.9495
0.4978 0.8427 1.9521
0.4953 0.8614 1.9547
0.4931 0.8802 1.9568
0.4914 0.8991 1.9585
0.4899 0.9181 1.9601
0.4888 0.9373 1.9611
0.4879 0.9566 1.9621
0.4877 0.9759 1.9622
0.4880 0.9954 1.9619
0.4885 1.0150 1.9614
0.4895 1.0346 1.9605
0.4909 1.0543 1.9590
0.4926 1.0741 1.9574
0.4943 1.0940 1.9556
0.4966 1.1136 1.9533
0.4994 1.1333 1.9505
0.5027 1.1530 1.9472
0.5065 1.1727 1.9434
0.5104 1.1921 1.9395
0.5149 1.2116 1.9350
0.5199 1.2311 1.9300
0.5251 1.2502 1.9248
0.5308 1.2694 1.9191
0.5371 1.2885 1.9132
0.5435 1.3073 1.9067
0.5504 1.3258 1.8998
0.5576 1.3442 1.8927
0.5652 1.3623 1.8851
0.5733 1.3799 1.8769
0.5817 1.3976 1.8686
0.5906 1.4148 1.8597
0.5996 1.4316 1.8507
0.6092 1.4480 1.8411
0.6190 1.4640 1.8314
0.6293 1.4798 1.8211
0.6397 1.4953 1.8106
0.6507 1.5099 1.7997
0.6622 1.5244 1.7882
0.6738 1.5385 1.7766
0.6856 1.5517 1.7645
0.6977 1.5647 1.7524
0.7101 1.5773 1.7400
0.7231 1.5890 1.7270
0.7360 1.6005 1.7141
0.7493 1.6115 1.7008
0.7631 1.6216 1.6870
0.7767 1.6312 1.6734
0.7908 1.6402 1.6593
0.8050 1.6487 1.6450
0.8194 1.6566 1.6306
0.8339 1.6636 1.6161
0.8489 1.6700 1.6011
0.8637 1.6761 1.5863
0.8786 1.6813 1.5714
0.8939 1.6859 1.5561
0.9090 1.6899 1.5410
0.9245 1.6930 1.5254
0.9398 1.6957 1.5101
0.9552 1.6979 1.4947
0.9707 1.6991 1.4793
0.9862 1.6997 1.4637
1.0015 1.6996 1.4485
1.0171 1.6989 1.4328
1.0325 1.6976 1.4175
1.0479 1.6953 1.4021
1.0633 1.6923 1.3866
1.0785 1.6891 1.3715
1.0936 1.6849 1.3563
1.1088 1.6800 1.3412
1.1236 1.6748 1.3263
1.1381 1.6686 1.3118
1.1529 1.6618 1.2970
1.1674 1.6547 1.2825
1.1818 1.6466 1.2681
1.1959 1.6378 1.2540
1.2099 1.6287 1.2400
1.2236 1.6190 1.2263
1.2372 1.6087 1.2127
1.2505 1.5977 1.1995
1.2636 1.5861 1.1863
1.2761 1.5742 1.1738
1.2884 1.5617 1.1615
1.3007 1.5485 1.1492
1.3125 1.5351 1.1374
1.3239 1.5211 1.1260
1.3352 1.5064 1.1147
1.3461 1.4915 1.1038
1.3565 1.4764 1.0934
1.3665 1.4606 1.0834
1.3763 1.4446 1.0736
1.3857 1.4284 1.0642
1.3946 1.4116 1.0553
1.4033 1.3946 1.0466
1.4116 1.3773 1.0383
1.4194 1.3599 1.0305
1.4266 1.3420 1.0233
1.4338 1.3238 1.0161
1.4404 1.3055 1.0095
1.4465 1.2870 1.0034
1.4521 1.2684 0.9978
1.4575 1.2496 0.9924
1.4625 1.2307 0.9874
1.4672 1.2116 0.9827
1.4714 1.1924 0.9785
1.4754 1.1731 0.9745
1.4786 1.1537 0.9713
1.4816 1.1342 0.9683
1.4844 1.1146 0.9655
1.4867 1.0949 0.9632
1.4885 1.0752 0.9614
1.4901 1.0557 0.9598
1.4912 1.0364 0.9587
1.4920 1.0172 0.9579
1.4924 0.9979 0.9575
1.4926 0.9785 0.9573
1.4923 0.9595 0.9576
1.4918 0.9405 0.9581
1.4908 0.9214 0.9591
1.4893 0.9027 0.9606
1.4876 0.8840 0.9623
1.4855 0.8657 0.9644
1.4831 0.8473 0.9668
1.4806 0.8294 0.9693
1.4775 0.8115 0.9724
1.4740 0.7939 0.9759
1.4706 0.7768 0.9793
1.4668 0.7594 0.9831
1.4628 0.7424 0.9871
1.4583 0.7258 0.9916
1.4536 0.7096 0.9963
1.4488 0.6938 1.0011
1.4439 0.6779 1.0060
1.4385 0.6623 1.0114
1.4329 0.6472 1.0170
1.4272 0.6321 1.0227
1.4211 0.6176 1.0288
1.4151 0.6031 1.0348
1.4091 0.5894 1.0408
1.4026 0.5759 1.0473
1.3960 0.5628 1.0539
1.3892 0.5498 1.0607
1.3821 0.5370 1.0678
1.3752 0.5250 1.0750
1.3682 0.5132 1.0821
1.3611 0.5015 1.0892
1.3539 0.4903 1.0964
1.3463 0.4792 1.1040
1.3386 0.4686 1.1117
1.3312 0.4584 1.1191
1.3237 0.4485 1.1266
1.3162 0.4390 1.1341
1.3086 0.4297 1.1417
1.3007 0.4209 1.1497
1.2930 0.4122 1.1574
1.2853 0.4037 1.1651
1.2775 0.3957 1.1729
1.2697 0.3878 1.1807
1.2622 0.3804 1.1882
1.2544 0.3732 1.1957
1.2465 0.3664 1.2036
1.2386 0.3598 1.2115
1.2310 0.3533 1.2191
1.2234 0.3473 1.2266
1.2158 0.3418 1.2342
1.2083 0.3361 1.2418
1.2007 0.3309 1.2494
1.1934 0.3258 1.2567
1.1861 0.3211 1.2639
1.1789 0.3166 1.2712
1.1716 0.3122 1.2784
1.1644 0.3083 1.2856
1.1571 0.3032 1.2929
1.1498 0.2986 1.3002
1.1424 0.2942 1.3076
1.1351 0.2899 1.3148
1.1280 0.2857 1.3219
1.1212 0.2821 1.3287
1.1141 0.2785 1.3359
1.1072 0.2748 1.3428
1.1006 0.2711 1.3493
1.0937 0.2684 1.3562
1.0873 0.2658 1.3627
1.0802 0.2636 1.3697
1.0735 0.2619 1.3764
1.0678 0.2606 1.3821
1.0599 0.2599 1.3899
1.0599 0.2599 1.3899
1.0499 0.2500 1.3999
1.0499 0.2500 1.3999
1.0399 0.2500 1.4099
1.0399 0.2500 1.4099
1.0399 0.2500 1.4099
1.0299 0.2500 1.4199
1.0299 0.2500 1.4199
1.0199 0.2500 1.4299
1.0199 0.2500 1.4299
1.0199 0.2500 1.4299
1.0099 0.2500 1.4400
1.0099 0.2500 1.4400
1.0099 0.2500 1.4400
1.0099 0.2500 1.4400
1.0000 0.2500 1.4500
1.0000 0.2500 1.4500
1.0000 0.2500 1.4500
1.0000 0.2500 1.4500
1.0000 0.2500 1.4500
1.0000 0.2500 1.4500
1.0000 0.2500 1.4500
0.9900 0.2500 1.4600
0.9900 0.2500 1.4600
0.9900 0.2500 1.4600
0.9900 0.2500 1.4600
0.9900 0.2500 1.4600
0.9900 0.2500 1.4600
0.9900 0.2500 1.4600
0.9900 0.2500 1.4600
0.9900 0.2500 1.4600
0.9900 0.2500 1.4600
0.9900 0.2500 1.4600
0.9900 0.2500 1.4600
0.9900 0.2500 1.4600
0.9900 0.2500 1.4600
0.9900 0.2500 1.4600
0.9900 0.2500 1.4600
0.9900 0.2500 1.4600
0.9900 0.2500 1.4600
0.9900 0.2500 1.4600
0.9900 0.2500 1.4600
0.9900 0.2500 1.4600
0.9900 0.2500 1.4600
0.9900 0.2500 1.4600
0.9900 0.2500 1.4600
0.9900 0.2500 1.4600
0.9900 0.2500 1.4600
0.9900 0.2500 1.4600
0.9900 0.2500 1.4600
0.9900 0.2500 1.4600
0.9821 0.2500 1.4613
0.9742 0.2500 1.4626
0.9663 0.2500 1.4639
0.9582 0.2500 1.4652
0.9495 0.2500 1.4667
0.9404 0.2500 1.4682
0.9307 0.2499 1.4698
0.9210 0.2493 1.4706
0.9114 0.2484 1.4711
0.9019 0.2474 1.4717
0.8928 0.2465 1.4726
0.8839 0.2459 1.4737
0.8752 0.2455 1.4750
0.8668 0.2457 1.4766
0.8593 0.2459 1.4781
0.8515 0.2459 1.4794
0.8441 0.2459 1.4807
0.8368 0.2459 1.4819
0.8298 0.2459 1.4831
0.8231 0.2459 1.4842
0.8166 0.2459 1.4853
0.8104 0.2459 1.4863
0.8022 0.2457 1.4874
0.7942 0.2453 1.4885
0.7865 0.2450 1.4894
0.7794 0.2445 1.4902
0.7729 0.2445 1.4915
0.7669 0.2450 1.4932
0.7616 0.2458 1.4951
0.7569 0.2469 1.4969
0.7531 0.2483 1.4985
0.7505 0.2495 1.4997
0.7500 0.2500 1.5000
0.7500 0.2500 1.5000
0.7500 0.2500 1.5000
0.7500 0.2500 1.5000
0.7500 0.2500 1.5000
0.7500 0.2500 1.5000
0.7500 0.2500 1.5000
0.7500 0.2500 1.5000
0.7500 0.2500 1.5000
0.7500 0.2500 1.5000
0.7500 0.2500 1.5000
0.7500 0.2500 1.5000
0.7500 0.2500 1.5000
0.7500 0.2500 1.5000
0.7500 0.2500 1.5000
0.7500 0.2500 1.5000
0.7500 0.2500 1.5000
0.7500 0.2500 1.5000
0.7500 0.2500 1.5000
0.7500 0.2500 1.5003
0.7500 0.2500 1.5006
0.7500 0.2500 1.5009
0.7500 0.2500 1.5013
0.7500 0.2500 1.5017
0.7500 0.2500 1.5020
0.7500 0.2500 1.5028
0.7500 0.2500 1.5035
0.7500 0.2500 1.5043
0.7500 0.2500 1.5054
0.7500 0.2500 1.5065
0.7500 0.2500 1.5077
0.7500 0.2500 1.5092
0.7500 0.2500 1.5108
0.7500 0.2500 1.5125
0.7500 0.2500 1.5145
0.7500 0.2500 1.5162
0.7500 0.2500 1.5183
0.7500 0.2500 1.5205
0.7500 0.2500 1.5231
0.7503 0.2500 1.5257
0.7506 0.2500 1.5287
0.7509 0.2500 1.5315
0.7513 0.2500 1.5346
0.7517 0.2500 1.5379
0.7520 0.2500 1.5412
0.7524 0.2500 1.5446
0.7528 0.2500 1.5483
0.7533 0.2500 1.5522
0.7540 0.2500 1.5561
0.7548 0.2500 1.5604
0.7556 0.2500 1.5648
0.7564 0.2500 1.5693
0.7573 0.2500 1.5738
0.7585 0.2500 1.5788
0.7597 0.2500 1.5835
0.7607 0.2500 1.5885
0.7616 0.2500 1.5937
0.7629 0.2500 1.5993
0.7643 0.2500 1.6046
0.7657 0.2500 1.6103
0.7674 0.2500 1.6160
0.7692 0.2500 1.6222
0.7710 0.2500 1.6281
0.7732 0.2500 1.6341
0.7751 0.2500 1.6405
0.7773 0.2500 1.6470
0.7797 0.2500 1.6535
0.7823 0.2500 1.6601
0.7851 0.2500 1.6668
0.7879 0.2500 1.6735
0.7907 0.2500 1.6806
0.7940 0.2500 1.6877
0.7973 0.2500 1.6946
0.8006 0.2500 1.7016
0.8044 0.2500 1.7089
0.8082 0.2500 1.7163
0.8121 0.2500 1.7237
0.8164 0.2500 1.7308
0.8208 0.2500 1.7384
0.8252 0.2500 1.7459
0.8300 0.2500 1.7535
0.8350 0.2500 1.7608
0.8403 0.2500 1.7681
0.8454 0.2500 1.7758
0.8509 0.2500 1.7835
0.8565 0.2500 1.7910
0.8625 0.2500 1.7984
0.8685 0.2500 1.8058
0.8750 0.2500 1.8133
0.8816 0.2500 1.8208
0.8883 0.2500 1.8279
0.8954 0.2500 1.8351
0.9026 0.2500 1.8422
0.9102 0.2500 1.8493
0.9183 0.2500 1.8565
0.9264 0.2500 1.8633
0.9347 0.2500 1.8700
0.9431 0.2500 1.8768
0.9516 0.2500 1.8832
0.9608 0.2500 1.8896
0.9702 0.2500 1.8956
0.9796 0.2500 1.9018
0.9892 0.2500 1.9077
0.9992 0.2500 1.9133
1.0094 0.2500 1.9188
1.0196 0.2500 1.9242
1.0303 0.2500 1.9296
1.0411 0.2500 1.9345
1.0520 0.2500 1.9391
1.0631 0.2500 1.9437
1.0742 0.2500 1.9478
1.0857 0.2500 1.9518
1.0974 0.2500 1.9554
1.1091 0.2500 1.9589
1.1213 0.2500 1.9623
1.1332 0.2500 1.9650
1.1456 0.2500 1.9675
1.1581 0.2500 1.9696
1.1706 0.2500 1.9716
1.1832 0.2500 1.9732
1.1959 0.2500 1.9746
1.2087 0.2500 1.9756
1.2216 0.2500 1.9761
1.2345 0.2500 1.9765
1.2478 0.2500 1.9764
1.2608 0.2500 1.9759
1.2740 0.2500 1.9751
1.2871 0.2500 1.9740
1.3003 0.2500 1.9723
1.3136 0.2500 1.9705
1.3266 0.2500 1.9682
1.3399 0.2500 1.9657
1.3530 0.2500 1.9627
1.3660 0.2500 1.9593
1.3791 0.2500 1.9553
1.3919 0.2500 1.9512
1.4050 0.2500 1.9466
1.4181 0.2500 1.9414
1.4309 0.2500 1.9361
1.4437 0.2500 1.9303
1.4561 0.2500 1.9243
1.4685 0.2500 1.9178
1.4809 0.2500 1.9108
1.4927 0.2500 1.9036
1.5044 0.2500 1.8962
1.5160 0.2500 1.8880
1.5276 0.2500 1.8796
1.5388 0.2500 1.8711
1.5496 0.2500 1.8620
1.5604 0.2500 1.8527
1.5711 0.2500 1.8429
1.5814 0.2500 1.8330
1.5913 0.2500 1.8226
1.6007 0.2500 1.8119
1.6098 0.2500 1.8008
1.6187 0.2500 1.7896
1.6271 0.2500 1.7778
1.6351 0.2500 1.7662
1.6430 0.2500 1.7541
1.6508 0.2500 1.7419
1.6581 0.2500 1.7291
1.6649 0.2500 1.7166
1.6713 0.2500 1.7036
1.6772 0.2500 1.6901
1.6829 0.2500 1.6768
1.6881 0.2500 1.6631
1.6929 0.2500 1.6496
1.6971 0.2500 1.6356
1.7009 0.2500 1.6218
1.7044 0.2500 1.6076
1.7075 0.2500 1.5936
1.7100 0.2500 1.5793
1.7124 0.2500 1.5651
1.7142 0.2500 1.5506
1.7155 0.2500 1.5362
1.7163 0.2500 1.5215
1.7166 0.2500 1.5071
1.7167 0.2500 1.4923
1.7162 0.2500 1.4777
1.7152 0.2500 1.4635
1.7137 0.2500 1.4488
1.7116 0.2500 1.4345
1.7093 0.2500 1.4201
1.7068 0.2500 1.4061
1.7037 0.2500 1.3917
1.7002 0.2500 1.3777
1.6964 0.2500 1.3636
1.6921 0.2500 1.3499
1.6872 0.2500 1.3361
1.6818 0.2500 1.3228
1.6759 0.2500 1.3094
1.6698 0.2500 1.2965
1.6634 0.2500 1.2835
1.6565 0.2500 1.2710
1.6491 0.2500 1.2585
1.6415 0.2500 1.2461
1.6337 0.2500 1.2344
1.6257 0.2500 1.2228
1.6169 0.2500 1.2113
1.6078 0.2500 1.2001
1.5986 0.2500 1.1895
1.5889 0.2500 1.1789
1.5790 0.2500 1.1687
1.5685 0.2500 1.1587
1.5579 0.2500 1.1491
1.5475 0.2500 1.1399
1.5366 0.2500 1.1309
1.5255 0.2500 1.1223
1.5143 0.2500 1.1142
1.5026 0.2500 1.1066
1.4911 0.2500 1.0991
1.4792 0.2500 1.0921
1.4671 0.2500 1.0853
1.4549 0.2500 1.0789
1.4425 0.2500 1.0730
1.4301 0.2500 1.0673
1.4173 0.2500 1.0621
1.4046 0.2500 1.0573
1.3919 0.2500 1.0528
1.3791 0.2500 1.0487
1.3662 0.2500 1.0452
1.3533 0.2500 1.0418
1.3403 0.2500 1.0389
1.3272 0.2500 1.0362
1.3141 0.2500 1.0340
1.3012 0.2500 1.0320
1.2880 0.2500 1.0308
1.2751 0.2500 1.0298
1.2621 0.2500 1.0290
1.2491 0.2500 1.0286
1.2364 0.2500 1.0285
1.2237 0.2500 1.0289
1.2110 0.2500 1.0294
1.1983 0.2500 1.0304
1.1856 0.2500 1.0320
1.1733 0.2500 1.0337
1.1609 0.2500 1.0356
1.1486 0.2500 1.0376
1.1366 0.2500 1.0402
1.1246 0.2500 1.0432
1.1127 0.2500 1.0461
1.1008 0.2500 1.0495
1.0896 0.2500 1.0530
1.0785 0.2500 1.0569
1.0674 0.2500 1.0611
1.0564 0.2500 1.0653
1.0454 0.2500 1.0701
1.0348 0.2500 1.0749
1.0246 0.2500 1.0800
1.0145 0.2500 1.0851
1.0048 0.2500 1.0904
0.9951 0.2500 1.0961
0.9856 0.2500 1.1019
0.9765 0.2500 1.1078
0.9674 0.2500 1.1139
0.9588 0.2500 1.1200
0.9503 0.2500 1.1266
0.9422 0.2500 1.1333
0.9339 0.2500 1.1398
0.9260 0.2500 1.1463
0.9182 0.2500 1.1532
0.9109 0.2500 1.1603
0.9036 0.2500 1.1674
0.8965 0.2500 1.1742
0.8898 0.2500 1.1815
0.8832 0.2500 1.1888
0.8767 0.2500 1.1961
0.8706 0.2500 1.2032
0.8646 0.2500 1.2104
0.8588 0.2500 1.2179
0.8533 0.2500 1.2254
0.8480 0.2500 1.2327
0.8428 0.2500 1.2400
0.8376 0.2500 1.2473
0.8329 0.2500 1.2546
0.8283 0.2500 1.2620
0.8241 0.2500 1.2694
0.8197 0.2500 1.2765
0.8157 0.2500 1.2835
0.8118 0.2500 1.2909
0.8080 0.2500 1.2980
0.8046 0.2500 1.3051
0.8013 0.2500 1.3118
0.7981 0.2500 1.3189
0.7953 0.2500 1.3256
0.7926 0.2500 1.3323
0.7897 0.2500 1.3386
0.7862 0.2500 1.3456
0.7831 0.2500 1.3525
0.7802 0.2500 1.3591
0.7774 0.2500 1.3660
0.7747 0.2500 1.3726
0.7719 0.2500 1.3790
0.7697 0.2500 1.3856
0.7675 0.2500 1.3920
0.7655 0.2500 1.3980
0.7635 0.2500 1.4043
0.7618 0.2500 1.4100
0.7601 0.2500 1.4160
0.7583 0.2500 1.4212
0.7561 0.2500 1.4270
0.7500 0.2500 1.4299
0.7500 0.2500 1.4400
0.7500 0.2500 1.4400
0.7500 0.2500 1.4500
0.7500 0.2500 1.4500
0.7500 0.2500 1.4600
0.7500 0.2500 1.4600
0.7500 0.2500 1.4600
0.7500 0.2500 1.4700
0.7500 0.2500 1.4700
0.7500 0.2500 1.4700
0.7500 0.2500 1.4800
0.7500 0.2500 1.4800
0.7500 0.2500 1.4800
0.7500 0.2500 1.4900
0.7500 0.2500 1.4900
0.7500 0.2500 1.4900
0.7500 0.2500 1.4900
0.7500 0.2500 1.4900
0.7500 0.2500 1.4900
0.7500 0.2500 1.5000
0.7500 0.2500 1.5000
0.7500 0.2500 1.5000
0.7500 0.2500 1.5000
0.7500 0.2500 1.5000
0.7500 0.2500 1.5000
0.7500 0.2500 1.5000
0.7500 0.2500 1.5000
0.7500 0.2500 1.5000
0.7500 0.2500 1.5000
0.7500 0.2500 1.5000
0.7500 0.2500 1.5000
0.7500 0.2500 1.5000
0.7500 0.2500 1.5000
0.7500 0.2500 1.5000
0.7500 0.2500 1.5000
0.7500 0.2500 1.5000
0.7500 0.2500 1.5000
0.7500 0.2500 1.5000
0.7500 0.2500 1.5000
0.7500 0.2500 1.5000
0.7500 0.2500 1.5000
0.7500 0.2500 1.5000
0.7500 0.2500 1.5000
0.7500 0.2500 1.5000
0.7500 0.2500 1.5000
0.7500 0.2500 1.5000
0.7500 0.2500 1.5000
0.7500 0.2500 1.5000
0.7500 0.2500 1.5000
0.7500 0.2500 1.5000
0.7500 0.2500 1.5000
0.7500 0.2500 1.4900
0.7500 0.2500 1.4800
0.7500 0.2500 1.4700
0.7500 0.2500 1.4600
0.7500 0.2500 1.4500
0.7500 0.2500 1.4400
0.7500 0.2500 1.4299
0.7500 0.2500 1.4199
0.7500 0.2500 1.4099
0.7500 0.2500 1.3999
0.7500 0.2500 1.3899
0.7500 0.2500 1.3799
0.7500 0.2500 1.3700
0.7500 0.2500 1.3600
0.7500 0.2500 1.3500
0.7500 0.2500 1.3400
0.7500 0.2500 1.3300
0.7500 0.2500 1.3200
0.7500 0.2500 1.3099
0.7500 0.2500 1.2999
0.7500 0.2500 1.2899
0.7500 0.2500 1.2799
0.7500 0.2500 1.2699
0.7500 0.2500 1.2599
0.7500 0.2500 1.2500
0.7500 0.2500 1.2400
0.7500 0.2500 1.2300
0.7500 0.2500 1.2200
0.7500 0.2500 1.2100
0.7500 0.2500 1.2000
0.7500 0.2500 1.1900
0.7500 0.2500 1.1799
0.7500 0.2500 1.1699
0.7500 0.2500 1.1599
0.7500 0.2500 1.1499
0.7500 0.2500 1.1399
0.7500 0.2500 1.1299
0.7500 0.2500 1.1200
0.7500 0.2500 1.1100
0.7500 0.2500 1.1000
0.7500 0.2500 1.0900
0.7500 0.2500 1.0800
0.7500 0.2500 1.0700
0.7500 0.2500 1.0599
0.7500 0.2500 1.0499
0.7500 0.2500 1.0399
0.7500 0.2500 1.0299
0.7500 0.2500 1.0199
0.7500 0.2500 1.0099
0.7500 0.2500 1.0000
0.7500 0.2500 0.9900
0.7500 0.2500 0.9800
0.7500 0.2500 0.9700
0.7500 0.2500 0.9599
0.7500 0.2500 0.9499
0.7500 0.2500 0.9399
0.7500 0.2500 0.9300
0.7500 0.2500 0.9200
0.7500 0.2500 0.9100
0.7500 0.2500 0.8999
0.7500 0.2500 0.8899
0.7500 0.2500 0.8799
0.7500 0.2500 0.8700
0.7500 0.2500 0.8600
0.7500 0.2500 0.8500
0.7500 0.2500 0.8399
0.7500 0.2500 0.8299
0.7500 0.2500 0.8199
0.7500 0.2500 0.8100
0.7500 0.2500 0.8000
0.7500 0.2500 0.7900
0.7500 0.2500 0.7799
0.7500 0.2500 0.7699
0.7500 0.2500 0.7599
0.7500 0.2500 0.7500
0.7500 0.2500 0.7400
0.7500 0.2500 0.7300
0.7500 0.2500 0.7200
0.7500 0.2500 0.7099
0.7500 0.2500 0.6999
0.7500 0.2500 0.6899
0.7500 0.2500 0.6800
0.7500 0.2500 0.6700
0.7500 0.2500 0.6600
0.7500 0.2500 0.6499
0.7500 0.2500 0.6399
0.7500 0.2500 0.6299
0.7500 0.2500 0.6200
0.7500 0.2500 0.6100
0.7500 0.2500 0.6000
0.7500 0.2500 0.5899
0.7500 0.2500 0.5799
0.7500 0.2500 0.5699
0.7500 0.2500 0.5600
0.7500 0.2500 0.5500
0.7500 0.2500 0.5400
0.7500 0.2500 0.5299
0.7500 0.2500 0.5199
0.7500 0.2500 0.5099
0.7500 0.2500 0.5000
0.7500 0.2500 0.4900
0.7500 0.2500 0.4799
0.7500 0.2500 0.4699
0.7500 0.2500 0.4600
0.7500 0.2500 0.4499
0.7500 0.2500 0.4399
0.7500 0.2500 0.4300
0.7500 0.2500 0.4199
0.7500 0.2500 0.4099
0.7500 0.2500 0.4000
0.7500 0.2500 0.3899
0.7500 0.2500 0.3799
0.7500 0.2500 0.3700
0.7500 0.2500 0.3600
0.7500 0.2500 0.3499
0.7500 0.2500 0.3400
0.7500 0.2500 0.3300
0.7500 0.2500 0.3199
0.7500 0.2500 0.3100
0.7500 0.2500 0.3000
0.7500 0.2500 0.2899
0.7500 0.2500 0.2800
0.7500 0.2500 0.2700
0.7500 0.2500 0.2599
0.7500 0.2500 0.2500
0.7500 0.2500 0.2399
0.7500 0.2500 0.2300
0.7500 0.2500 0.2199
0.7500 0.2500 0.2099
0.7500 0.2500 0.2000
0.7500 0.2500 0.1899
0.7500 0.2500 0.1800
0.7500 0.2500 0.1700
0.7500 0.2500 0.1599
0.7500 0.2500 0.1500
0.7500 0.2500 0.1403
0.7500 0.2500 0.1303
0.7500 0.2500 0.1203
0.7500 0.2500 0.1103
0.7500 0.2500 0.1004
0.7500 0.2500 0.0904
0.7500 0.2500 0.0805
0.7500 0.2500 0.0705
0.7500 0.2500 0.0606
0.7500 0.2500 0.0507
0.7500 0.2500 0.0409
0.7500 0.2500 0.0311
0.7500 0.2500 0.0214
0.7500 0.2500 0.0120
0.7500 0.2500 0.0033
