0.7500 0.7500 1.0087
0.7500 0.7500 1.0467
0.7500 0.7500 1.0833
0.7500 0.7500 1.1285
0.7500 0.7500 1.1735
0.7500 0.7500 1.2176
0.7500 0.7500 1.2596
0.7500 0.7500 1.2984
0.7500 0.7500 1.3339
0.7500 0.7500 1.3662
0.7500 0.7500 1.3950
0.7500 0.7500 1.4206
0.7500 0.7500 1.4428
0.7500 0.7500 1.4616
0.7500 0.7500 1.4769
0.7500 0.7500 1.4888
0.7500 0.7500 1.4971
0.7500 0.7500 1.5000
0.7500 0.7500 1.5000
0.7467 0.7445 1.5050
0.7429 0.7380 1.5111
0.7381 0.7300 1.5187
0.7324 0.7207 1.5278
0.7257 0.7097 1.5384
0.7181 0.6971 1.5504
0.7096 0.6830 1.5638
0.7004 0.6674 1.5784
0.6907 0.6508 1.5938
0.6806 0.6337 1.6098
0.6703 0.6161 1.6261
0.6600 0.5986 1.6424
0.6500 0.5815 1.6584
0.6404 0.5651 1.6736
0.6314 0.5498 1.6879
0.6232 0.5358 1.7009
0.6149 0.5217 1.7140
0.6067 0.5077 1.7271
0.5984 0.4938 1.7401
0.5903 0.4799 1.7531
0.5822 0.4662 1.7659
0.5743 0.4528 1.7783
0.5667 0.4397 1.7905
0.5572 0.4235 1.8055
0.5477 0.4071 1.8207
0.5382 0.3909 1.8357
0.5291 0.3753 1.8502
0.5205 0.3605 1.8638
0.5125 0.3468 1.8765
0.5053 0.3346 1.8878
0.4991 0.3240 1.8977
0.4940 0.3151 1.9059
0.4898 0.3079 1.9125
0.4862 0.3018 1.9182
0.4833 0.2967 1.9229
0.4808 0.2925 1.9268
0.4793 0.2900 1.9291
0.4793 0.2900 1.9291
0.4793 0.2900 1.9291
0.4793 0.2900 1.9291
0.4793 0.2900 1.9291
0.4793 0.2900 1.9291
0.4793 0.2900 1.9291
0.4793 0.2900 1.9291
0.4793 0.2900 1.9291
0.4793 0.2900 1.9291
0.4793 0.2900 1.9291
0.4793 0.2900 1.9291
0.4793 0.2900 1.9291
0.4793 0.2900 1.9291
0.4793 0.2900 1.9291
0.4793 0.2900 1.9291
0.4793 0.2900 1.9291
0.4793 0.2900 1.9291
0.4793 0.2900 1.9291
0.4793 0.2900 1.9291
0.4793 0.2900 1.9291
0.4793 0.2900 1.9291
0.4793 0.2900 1.9291
0.4793 0.2900 1.9291
0.4793 0.2900 1.9291
0.4793 0.2900 1.9291
0.4793 0.2900 1.9291
0.4793 0.2901 1.9292
0.4793 0.2902 1.9292
0.4793 0.2903 1.9292
0.4792 0.2904 1.9292
0.4792 0.2905 1.9293
0.4791 0.2907 1.9293
0.4790 0.2910 1.9294
0.4789 0.2913 1.9295
0.4788 0.2916 1.9297
0.4786 0.2920 1.9299
0.4784 0.2925 1.9301
0.4781 0.2931 1.9304
0.4778 0.2938 1.9307
0.4774 0.2946 1.9311
0.4769 0.2955 1.9315
0.4764 0.2964 1.9321
0.4758 0.2975 1.9327
0.4751 0.2988 1.9333
0.4743 0.3001 1.9341
0.4735 0.3016 1.9350
0.4725 0.3033 1.9359
0.4715 0.3051 1.9370
0.4703 0.3072 1.9381
0.4691 0.3093 1.9394
0.4677 0.3117 1.9407
0.4662 0.3142 1.9422
0.4647 0.3170 1.9438
0.4630 0.3199 1.9455
0.4612 0.3230 1.9473
0.4593 0.3264 1.9492
0.4573 0.3300 1.9512
0.4551 0.3338 1.9533
0.4529 0.3379 1.9555
0.4506 0.3422 1.9579
0.4481 0.3467 1.9603
0.4456 0.3515 1.9629
0.4429 0.3565 1.9655
0.4402 0.3618 1.9683
0.4373 0.3674 1.9711
0.4344 0.3732 1.9741
0.4314 0.3793 1.9771
0.4283 0.3857 1.9802
0.4251 0.3923 1.9834
0.4218 0.3993 1.9867
0.4185 0.4065 1.9900
0.4151 0.4140 1.9934
0.4116 0.4219 1.9969
0.4081 0.4300 2.0004
0.4045 0.4384 2.0040
0.4009 0.4472 2.0076
0.3972 0.4562 2.0112
0.3935 0.4656 2.0149
0.3898 0.4753 2.0186
0.3861 0.4853 2.0224
0.3824 0.4956 2.0261
0.3786 0.5063 2.0298
0.3749 0.5173 2.0335
0.3712 0.5286 2.0373
0.3675 0.5403 2.0410
0.3638 0.5523 2.0446
0.3602 0.5646 2.0483
0.3566 0.5772 2.0519
0.3531 0.5902 2.0554
0.3496 0.6035 2.0589
0.3462 0.6172 2.0623
0.3429 0.6311 2.0656
0.3396 0.6454 2.0688
0.3365 0.6600 2.0719
0.3335 0.6750 2.0750
0.3306 0.6902 2.0779
0.3279 0.7058 2.0806
0.3252 0.7216 2.0832
0.3228 0.7378 2.0857
0.3205 0.7543 2.0880
0.3183 0.7711 2.0901
0.3164 0.7881 2.0921
0.3146 0.8055 2.0938
0.3131 0.8231 2.0954
0.3118 0.8410 2.0967
0.3107 0.8592 2.0978
0.3098 0.8775 2.0987
0.3092 0.8962 2.0993
0.3088 0.9151 2.0997
0.3087 0.9342 2.0998
0.3089 0.9535 2.0996
0.3093 0.9730 2.0992
0.3100 0.9927 2.0984
0.3111 1.0126 2.0974
0.3124 1.0326 2.0961
0.3140 1.0528 2.0944
0.3160 1.0732 2.0925
0.3183 1.0937 2.0902
0.3209 1.1143 2.0876
0.3238 1.1350 2.0847
0.3271 1.1558 2.0814
0.3307 1.1766 2.0777
0.3347 1.1975 2.0737
0.3391 1.2185 2.0694
0.3438 1.2394 2.0646
0.3490 1.2604 2.0595
0.3545 1.2813 2.0540
0.3603 1.3022 2.0481
0.3666 1.3231 2.0418
0.3733 1.3439 2.0352
0.3803 1.3645 2.0281
0.3878 1.3851 2.0207
0.3956 1.4055 2.0128
0.4039 1.4258 2.0046
0.4126 1.4459 1.9959
0.4216 1.4657 1.9868
0.4311 1.4854 1.9774
0.4410 1.5048 1.9675
0.4512 1.5240 1.9572
0.4619 1.5428 1.9465
0.4730 1.5614 1.9355
0.4845 1.5797 1.9240
0.4963 1.5976 1.9121
0.5085 1.6151 1.8999
0.5212 1.6323 1.8873
0.5342 1.6490 1.8743
0.5475 1.6654 1.8609
0.5612 1.6812 1.8472
0.5753 1.6967 1.8331
0.5898 1.7116 1.8187
0.6045 1.7260 1.8039
0.6196 1.7399 1.7888
0.6350 1.7532 1.7734
0.6507 1.7660 1.7577
0.6667 1.7782 1.7417
0.6830 1.7898 1.7254
0.6996 1.8008 1.7089
0.7164 1.8112 1.6920
0.7334 1.8209 1.6750
0.7507 1.8299 1.6577
0.7682 1.8383 1.6402
0.7859 1.8459 1.6225
0.8038 1.8529 1.6046
0.8218 1.8591 1.5866
0.8401 1.8647 1.5684
0.8584 1.8694 1.5500
0.8769 1.8735 1.5315
0.8955 1.8767 1.5129
0.9142 1.8792 1.4942
0.9329 1.8810 1.4755
0.9518 1.8819 1.4566
0.9706 1.8820 1.4378
0.9895 1.8814 1.4189
1.0084 1.8799 1.4000
1.0273 1.8777 1.3811
1.0462 1.8747 1.3622
1.0650 1.8708 1.3434
1.0837 1.8662 1.3246
1.1024 1.8608 1.3060
1.1210 1.8545 1.2874
1.1394 1.8475 1.2690
1.1577 1.8397 1.2507
1.1758 1.8311 1.2326
1.1938 1.8218 1.2146
1.2115 1.8116 1.1968
1.2291 1.8007 1.1793
1.2464 1.7891 1.1620
1.2635 1.7767 1.1449
1.2803 1.7636 1.1281
1.2968 1.7498 1.1115
1.3130 1.7352 1.0953
1.3289 1.7200 1.0794
1.3445 1.7041 1.0638
1.3598 1.6875 1.0486
1.3746 1.6703 1.0337
1.3891 1.6525 1.0192
1.4032 1.6340 1.0051
1.4169 1.6150 0.9914
1.4302 1.5954 0.9781
1.4430 1.5752 0.9653
1.4554 1.5546 0.9529
1.4674 1.5334 0.9410
1.4788 1.5117 0.9295
1.4898 1.4896 0.9185
1.5003 1.4670 0.9080
1.5104 1.4441 0.8980
1.5199 1.4207 0.8885
1.5288 1.3969 0.8795
1.5373 1.3728 0.8710
1.5452 1.3484 0.8631
1.5526 1.3237 0.8557
1.5595 1.2987 0.8488
1.5658 1.2734 0.8425
1.5715 1.2479 0.8368
1.5768 1.2223 0.8316
1.5814 1.1964 0.8269
1.5855 1.1704 0.8228
1.5891 1.1442 0.8193
1.5921 1.1180 0.8163
1.5945 1.0917 0.8138
1.5964 1.0653 0.8120
1.5977 1.0390 0.8106
1.5984 1.0126 0.8099
1.5986 0.9863 0.8097
1.5983 0.9600 0.8100
1.5975 0.9338 0.8109
1.5960 0.9077 0.8123
1.5941 0.8818 0.8142
1.5917 0.8559 0.8167
1.5887 0.8303 0.8196
1.5852 0.8049 0.8231
1.5812 0.7797 0.8271
1.5767 0.7547 0.8316
1.5717 0.7300 0.8366
1.5663 0.7056 0.8420
1.5603 0.6815 0.8480
1.5540 0.6577 0.8544
1.5471 0.6343 0.8612
1.5398 0.6112 0.8685
1.5321 0.5884 0.8762
1.5240 0.5661 0.8843
1.5155 0.5442 0.8929
1.5066 0.5227 0.9018
1.4973 0.5017 0.9111
1.4876 0.4811 0.9207
1.4776 0.4609 0.9307
1.4673 0.4412 0.9411
1.4566 0.4220 0.9518
1.4456 0.4033 0.9627
1.4343 0.3851 0.9740
1.4227 0.3673 0.9856
1.4109 0.3501 0.9974
1.3988 0.3334 1.0095
1.3865 0.3172 1.0218
1.3740 0.3016 1.0344
1.3612 0.2864 1.0472
1.3482 0.2718 1.0601
1.3351 0.2578 1.0732
1.3218 0.2443 1.0865
1.3083 0.2313 1.1000
1.2947 0.2189 1.1136
1.2810 0.2070 1.1274
1.2671 0.1956 1.1412
1.2532 0.1848 1.1552
1.2391 0.1745 1.1692
1.2250 0.1648 1.1833
1.2108 0.1556 1.1975
1.1966 0.1470 1.2118
1.1824 0.1389 1.2260
1.1681 0.1313 1.2403
1.1538 0.1242 1.2546
1.1395 0.1176 1.2689
1.1252 0.1116 1.2832
1.1109 0.1060 1.2975
1.0967 0.1009 1.3117
1.0825 0.0963 1.3259
1.0683 0.0922 1.3401
1.0542 0.0885 1.3542
1.0402 0.0853 1.3682
1.0263 0.0825 1.3821
1.0125 0.0801 1.3959
0.9987 0.0782 1.4096
0.9851 0.0766 1.4233
0.9716 0.0755 1.4368
0.9582 0.0747 1.4502
0.9450 0.0743 1.4634
0.9319 0.0743 1.4765
0.9189 0.0746 1.4895
0.9061 0.0752 1.5023
0.8935 0.0761 1.5149
0.8810 0.0774 1.5274
0.8687 0.0790 1.5397
0.8565 0.0808 1.5519
0.8446 0.0829 1.5639
0.8327 0.0852 1.5757
0.8210 0.0877 1.5874
0.8095 0.0905 1.5989
0.7981 0.0935 1.6103
0.7869 0.0967 1.6216
0.7758 0.1000 1.6326
0.7649 0.1036 1.6436
0.7541 0.1073 1.6543
0.7434 0.1112 1.6650
0.7329 0.1152 1.6755
0.7226 0.1194 1.6858
0.7124 0.1237 1.6961
0.7023 0.1282 1.7061
0.6924 0.1329 1.7161
0.6828 0.1374 1.7256
0.6734 0.1423 1.7350
0.6642 0.1470 1.7442
0.6552 0.1520 1.7533
0.6465 0.1568 1.7619
0.6380 0.1619 1.7704
0.6299 0.1668 1.7785
0.6220 0.1719 1.7865
0.6144 0.1769 1.7941
0.6069 0.1821 1.8015
0.5999 0.1871 1.8085
0.5930 0.1922 1.8154
0.5865 0.1972 1.8219
0.5801 0.2020 1.8283
0.5741 0.2070 1.8343
0.5685 0.2116 1.8400
0.5627 0.2163 1.8457
0.5573 0.2206 1.8511
0.5523 0.2252 1.8561
0.5476 0.2295 1.8608
0.5430 0.2338 1.8654
0.5388 0.2377 1.8696
0.5345 0.2416 1.8739
0.5306 0.2452 1.8779
0.5267 0.2487 1.8817
0.5221 0.2527 1.8863
0.5176 0.2567 1.8908
0.5136 0.2604 1.8949
0.5096 0.2640 1.8988
0.5061 0.2676 1.9024
0.5026 0.2707 1.9059
0.4991 0.2738 1.9093
0.4960 0.2770 1.9124
0.4931 0.2802 1.9153
0.4904 0.2827 1.9181
0.4877 0.2848 1.9208
0.4851 0.2868 1.9234
0.4821 0.2883 1.9263
0.4802 0.2894 1.9282
0.4793 0.2900 1.9291
0.4793 0.2900 1.9291
0.4793 0.2900 1.9291
0.4793 0.2900 1.9291
0.4793 0.2900 1.9291
0.4793 0.2900 1.9291
0.4793 0.2900 1.9291
0.4793 0.2900 1.9291
0.4793 0.2900 1.9291
0.4793 0.2900 1.9291
0.4793 0.2900 1.9291
0.4793 0.2900 1.9291
0.4793 0.2900 1.9291
0.4793 0.2900 1.9291
0.4793 0.2900 1.9291
0.4793 0.2900 1.9291
0.4793 0.2900 1.9291
0.4793 0.2900 1.9291
0.4793 0.2900 1.9291
0.4793 0.2900 1.9291
0.4793 0.2900 1.9291
0.4793 0.2900 1.9291
0.4793 0.2900 1.9291
0.4793 0.2900 1.9291
0.4793 0.2900 1.9291
0.4793 0.2900 1.9291
0.4793 0.2900 1.9291
0.4793 0.2900 1.9291
0.4793 0.2900 1.9291
0.4793 0.2900 1.9291
0.4793 0.2900 1.9291
0.4793 0.2900 1.9291
0.4793 0.2900 1.9291
0.4793 0.2900 1.9291
0.4793 0.2900 1.9291
0.4793 0.2900 1.9291
0.4793 0.2900 1.9291
0.4793 0.2900 1.9291
0.4793 0.2900 1.9291
0.4793 0.2900 1.9291
0.4793 0.2900 1.9291
0.4793 0.2900 1.9291
0.4793 0.2900 1.9291
0.4793 0.2900 1.9291
0.4793 0.2900 1.9291
0.4793 0.2900 1.9291
0.4793 0.2900 1.9291
0.4793 0.2900 1.9291
0.4793 0.2900 1.9291
0.4793 0.2900 1.9291
0.4793 0.2900 1.9291
0.4793 0.2900 1.9291
0.4773 0.2857 1.9356
0.4752 0.2815 1.9420
0.4731 0.2772 1.9485
0.4711 0.2730 1.9549
0.4691 0.2690 1.9611
0.4677 0.2660 1.9655
0.4667 0.2639 1.9688
0.4659 0.2623 1.9713
0.4653 0.2610 1.9732
0.4600 0.2500 1.9900
0.4600 0.2500 1.9900
0.4600 0.2500 1.9900
0.4600 0.2500 1.9900
0.4600 0.2500 1.9900
0.4600 0.2500 1.9900
0.4600 0.2500 1.9900
0.4600 0.2500 1.9900
0.4600 0.2500 1.9900
0.4600 0.2500 1.9900
0.4600 0.2500 1.9900
0.4600 0.2500 1.9900
0.4600 0.2500 1.9900
0.4600 0.2500 1.9900
0.4600 0.2500 1.9900
0.4600 0.2500 1.9900
0.4600 0.2500 1.9900
0.4600 0.2500 1.9900
0.4600 0.2500 1.9900
0.4600 0.2500 1.9900
0.4600 0.2503 1.9900
0.4600 0.2506 1.9900
0.4600 0.2509 1.9900
0.4596 0.2513 1.9903
0.4593 0.2520 1.9906
0.4590 0.2527 1.9909
0.4586 0.2534 1.9913
0.4582 0.2545 1.9917
0.4575 0.2556 1.9924
0.4568 0.2568 1.9931
0.4561 0.2583 1.9938
0.4550 0.2599 1.9949
0.4538 0.2618 1.9961
0.4527 0.2641 1.9972
0.4511 0.2665 1.9988
0.4496 0.2693 2.0003
0.4476 0.2722 2.0023
0.4456 0.2751 2.0043
0.4435 0.2785 2.0064
0.4414 0.2823 2.0085
0.4392 0.2861 2.0107
0.4366 0.2901 2.0133
0.4340 0.2945 2.0159
0.4310 0.2990 2.0189
0.4282 0.3040 2.0217
0.4250 0.3094 2.0249
0.4217 0.3149 2.0282
0.4184 0.3209 2.0315
0.4150 0.3273 2.0349
0.4112 0.3338 2.0387
0.4077 0.3409 2.0422
0.4037 0.3480 2.0462
0.4000 0.3553 2.0499
0.3960 0.3634 2.0539
0.3919 0.3716 2.0580
0.3877 0.3799 2.0622
0.3835 0.3888 2.0664
0.3792 0.3981 2.0707
0.3748 0.4079 2.0751
0.3704 0.4178 2.0795
0.3660 0.4283 2.0839
0.3615 0.4392 2.0884
0.3570 0.4503 2.0929
0.3527 0.4619 2.0972
0.3481 0.4737 2.1018
0.3439 0.4856 2.1060
0.3392 0.4980 2.1107
0.3349 0.5109 2.1150
0.3305 0.5243 2.1194
0.3261 0.5379 2.1238
0.3218 0.5520 2.1281
0.3177 0.5666 2.1322
0.3133 0.5814 2.1366
0.3093 0.5966 2.1406
0.3052 0.6121 2.1447
0.3015 0.6280 2.1484
0.2978 0.6441 2.1521
0.2945 0.6607 2.1554
0.2908 0.6778 2.1591
0.2872 0.6951 2.1627
0.2840 0.7126 2.1659
0.2807 0.7309 2.1692
0.2779 0.7494 2.1720
0.2751 0.7680 2.1748
0.2726 0.7872 2.1773
0.2706 0.8065 2.1793
0.2686 0.8260 2.1813
0.2667 0.8460 2.1832
0.2652 0.8661 2.1847
0.2641 0.8868 2.1858
0.2631 0.9076 2.1868
0.2625 0.9288 2.1874
0.2620 0.9503 2.1879
0.2620 0.9719 2.1879
0.2623 0.9936 2.1876
0.2631 1.0158 2.1868
0.2641 1.0382 2.1858
0.2655 1.0604 2.1844
0.2673 1.0830 2.1826
0.2696 1.1057 2.1803
0.2718 1.1286 2.1781
0.2744 1.1515 2.1755
0.2775 1.1750 2.1724
0.2811 1.1981 2.1688
0.2852 1.2214 2.1647
0.2894 1.2448 2.1605
0.2944 1.2683 2.1555
0.2996 1.2915 2.1503
0.3054 1.3151 2.1445
0.3113 1.3384 2.1386
0.3180 1.3618 2.1319
0.3250 1.3849 2.1249
0.3324 1.4080 2.1175
0.3404 1.4311 2.1095
0.3485 1.4540 2.1014
0.3572 1.4768 2.0927
0.3667 1.4994 2.0832
0.3765 1.5219 2.0734
0.3868 1.5440 2.0631
0.3976 1.5658 2.0523
0.4090 1.5876 2.0409
0.4209 1.6090 2.0290
0.4327 1.6299 2.0172
0.4451 1.6509 2.0048
0.4580 1.6711 1.9919
0.4714 1.6908 1.9785
0.4851 1.7101 1.9648
0.4993 1.7293 1.9506
0.5140 1.7481 1.9359
0.5293 1.7664 1.9206
0.5451 1.7839 1.9048
0.5612 1.8009 1.8887
0.5775 1.8174 1.8724
0.5943 1.8330 1.8556
0.6116 1.8482 1.8383
0.6291 1.8628 1.8208
0.6469 1.8768 1.8030
0.6648 1.8900 1.7851
0.6836 1.9025 1.7663
0.7026 1.9142 1.7473
0.7218 1.9253 1.7281
0.7411 1.9357 1.7088
0.7610 1.9456 1.6889
0.7811 1.9542 1.6688
0.8013 1.9621 1.6486
0.8217 1.9691 1.6282
0.8422 1.9754 1.6077
0.8629 1.9810 1.5870
0.8837 1.9856 1.5662
0.9050 1.9896 1.5449
0.9261 1.9926 1.5238
0.9473 1.9948 1.5026
0.9686 1.9957 1.4813
0.9900 1.9959 1.4599
1.0111 1.9950 1.4388
1.0327 1.9934 1.4175
1.0544 1.9908 1.3959
1.0761 1.9874 1.3742
1.0975 1.9830 1.3527
1.1187 1.9778 1.3316
1.1399 1.9715 1.3104
1.1608 1.9645 1.2895
1.1817 1.9567 1.2686
1.2027 1.9475 1.2476
1.2233 1.9376 1.2270
1.2435 1.9269 1.2068
1.2638 1.9151 1.1866
1.2837 1.9025 1.1667
1.3035 1.8892 1.1469
1.3230 1.8748 1.1274
1.3421 1.8599 1.1083
1.3608 1.8440 1.0893
1.3790 1.8273 1.0711
1.3969 1.8096 1.0532
1.4143 1.7911 1.0358
1.4316 1.7719 1.0185
1.4484 1.7519 1.0017
1.4648 1.7311 0.9853
1.4807 1.7097 0.9694
1.4961 1.6878 0.9540
1.5110 1.6652 0.9390
1.5254 1.6419 0.9246
1.5394 1.6180 0.9110
1.5528 1.5933 0.8976
1.5653 1.5683 0.8850
1.5777 1.5429 0.8727
1.5895 1.5169 0.8609
1.6004 1.4902 0.8500
1.6107 1.4632 0.8396
1.6206 1.4359 0.8298
1.6298 1.4083 0.8206
1.6384 1.3801 0.8119
1.6465 1.3517 0.8039
1.6540 1.3230 0.7964
1.6609 1.2941 0.7896
1.6668 1.2649 0.7836
1.6725 1.2352 0.7779
1.6772 1.2053 0.7732
1.6814 1.1756 0.7688
1.6849 1.1456 0.7653
1.6878 1.1156 0.7624
1.6900 1.0853 0.7601
1.6916 1.0549 0.7585
1.6927 1.0251 0.7574
1.6930 0.9952 0.7571
1.6928 0.9651 0.7573
1.6919 0.9350 0.7581
1.6904 0.9055 0.7596
1.6883 0.8760 0.7618
1.6855 0.8464 0.7645
1.6821 0.8171 0.7679
1.6781 0.7878 0.7719
1.6735 0.7592 0.7765
1.6685 0.7309 0.7815
1.6626 0.7027 0.7874
1.6564 0.6749 0.7936
1.6499 0.6474 0.8001
1.6425 0.6204 0.8075
1.6348 0.5938 0.8152
1.6264 0.5673 0.8235
1.6175 0.5412 0.8324
1.6083 0.5160 0.8416
1.5985 0.4912 0.8514
1.5885 0.4665 0.8615
1.5778 0.4426 0.8721
1.5666 0.4193 0.8833
1.5551 0.3965 0.8948
1.5434 0.3745 0.9065
1.5312 0.3527 0.9188
1.5183 0.3315 0.9316
1.5056 0.3111 0.9443
1.4924 0.2913 0.9575
1.4786 0.2721 0.9713
1.4646 0.2534 0.9853
1.4504 0.2354 0.9995
1.4360 0.2179 1.0139
1.4214 0.2013 1.0285
1.4064 0.1851 1.0435
1.3915 0.1694 1.0584
1.3761 0.1546 1.0738
1.3605 0.1405 1.0894
1.3452 0.1270 1.1047
1.3294 0.1141 1.1205
1.3134 0.1018 1.1365
1.2974 0.0902 1.1525
1.2816 0.0792 1.1684
1.2653 0.0688 1.1846
1.2489 0.0590 1.2010
1.2328 0.0499 1.2171
1.2166 0.0414 1.2333
1.2004 0.0335 1.2495
1.1841 0.0263 1.2658
1.1680 0.0194 1.2819
1.1519 0.0134 1.2980
1.1355 0.0080 1.3144
1.1194 0.0030 1.3305
1.1035 -0.0018 1.3464
1.0873 -0.0056 1.3626
1.0715 -0.0092 1.3784
1.0556 -0.0121 1.3943
1.0401 -0.0144 1.4098
1.0245 -0.0162 1.4254
1.0090 -0.0176 1.4409
0.9939 -0.0185 1.4560
0.9787 -0.0191 1.4712
0.9640 -0.0191 1.4859
0.9489 -0.0185 1.5010
0.9342 -0.0177 1.5157
0.9196 -0.0163 1.5303
0.9053 -0.0150 1.5446
0.8914 -0.0132 1.5585
0.8776 -0.0108 1.5723
0.8639 -0.0079 1.5860
0.8506 -0.0050 1.5993
0.8373 -0.0017 1.6126
0.8245 0.0019 1.6254
0.8117 0.0056 1.6382
0.7990 0.0096 1.6509
0.7868 0.0140 1.6631
0.7746 0.0186 1.6753
0.7625 0.0233 1.6874
0.7509 0.0283 1.6990
0.7396 0.0333 1.7103
0.7285 0.0385 1.7214
0.7175 0.0438 1.7324
0.7070 0.0496 1.7429
0.6965 0.0552 1.7534
0.6861 0.0608 1.7638
0.6762 0.0666 1.7737
0.6652 0.0720 1.7847
0.6544 0.0775 1.7955
0.6439 0.0831 1.8060
0.6337 0.0890 1.8162
0.6237 0.0950 1.8262
0.6140 0.1010 1.8359
0.6045 0.1067 1.8454
0.5953 0.1129 1.8546
0.5858 0.1190 1.8641
0.5766 0.1249 1.8733
0.5680 0.1315 1.8819
0.5600 0.1379 1.8899
0.5516 0.1438 1.8983
0.5438 0.1512 1.9061
0.5400 0.1599 1.9099
0.5299 0.1599 1.9199
0.5299 0.1700 1.9199
0.5199 0.1800 1.9299
0.5199 0.1800 1.9299
0.5099 0.1899 1.9400
0.5099 0.1899 1.9400
0.5000 0.2000 1.9500
0.5000 0.2000 1.9500
0.5000 0.2099 1.9600
0.4900 0.2099 1.9600
0.4900 0.2199 1.9600
0.4799 0.2199 1.9700
0.4799 0.2199 1.9700
0.4799 0.2300 1.9700
0.4799 0.2300 1.9700
0.4699 0.2300 1.9800
0.4699 0.2399 1.9800
0.4699 0.2399 1.9800
0.4699 0.2399 1.9800
0.4699 0.2399 1.9800
0.4699 0.2500 1.9800
0.4699 0.2500 1.9900
0.4600 0.2500 1.9900
0.4600 0.2500 1.9900
0.4600 0.2500 1.9900
0.4600 0.2500 1.9900
0.4600 0.2500 1.9900
0.4600 0.2500 1.9900
0.4600 0.2500 1.9900
0.4600 0.2500 1.9900
0.4600 0.2500 1.9900
0.4600 0.2500 1.9900
0.4600 0.2500 1.9900
0.4600 0.2500 1.9900
0.4600 0.2500 1.9900
0.4600 0.2500 1.9900
0.4600 0.2500 1.9900
0.4600 0.2500 1.9900
0.4600 0.2500 1.9900
0.4600 0.2500 1.9900
0.4600 0.2500 1.9900
0.4600 0.2500 1.9900
0.4600 0.2500 1.9900
0.4600 0.2500 1.9900
0.4600 0.2500 1.9900
0.4600 0.2500 1.9900
0.4600 0.2500 1.9900
0.4600 0.2500 1.9900
0.4600 0.2500 1.9900
0.4600 0.2500 1.9900
0.4600 0.2500 1.9900
0.4631 0.2554 1.9846
0.4672 0.2624 1.9778
0.4722 0.2711 1.9693
0.4783 0.2815 1.9590
0.4854 0.2938 1.9469
0.4936 0.3079 1.9331
0.5028 0.3238 1.9176
0.5108 0.3432 1.9027
0.5186 0.3650 1.8876
0.5269 0.3881 1.8719
0.5360 0.4113 1.8552
0.5457 0.4336 1.8379
0.5558 0.4545 1.8204
0.5659 0.4735 1.8032
0.5757 0.4907 1.7868
0.5843 0.5066 1.7721
0.5930 0.5225 1.7573
0.6017 0.5381 1.7424
0.6105 0.5536 1.7276
0.6192 0.5689 1.7128
0.6279 0.5838 1.6982
0.6363 0.5983 1.6839
0.6457 0.6177 1.6675
0.6552 0.6376 1.6508
0.6646 0.6577 1.6343
0.6735 0.6778 1.6184
0.6832 0.6958 1.6020
0.6935 0.7111 1.5853
0.7039 0.7233 1.5693
0.7135 0.7324 1.5545
0.7222 0.7389 1.5415
0.7294 0.7432 1.5305
0.7355 0.7461 1.5215
0.7407 0.7478 1.5137
0.7450 0.7490 1.5074
0.7500 0.7500 1.5000
0.7500 0.7500 1.5000
0.7500 0.7500 1.5000
0.7500 0.7500 1.5000
0.7500 0.7500 1.5000
0.7500 0.7500 1.5000
0.7500 0.7500 1.5000
0.7500 0.7500 1.5000
0.7500 0.7500 1.5000
0.7500 0.7500 1.5000
0.7500 0.7500 1.5000
0.7500 0.7500 1.5000
0.7500 0.7500 1.5000
0.7500 0.7500 1.5000
0.7500 0.7500 1.5000
0.7500 0.7500 1.5000
0.7500 0.7500 1.5003
0.7500 0.7500 1.5006
0.7500 0.7500 1.5009
0.7500 0.7500 1.5013
0.7500 0.7500 1.5017
0.7500 0.7500 1.5020
0.7500 0.7500 1.5028
0.7500 0.7500 1.5035
0.7500 0.7500 1.5043
0.7500 0.7500 1.5054
0.7500 0.7500 1.5065
0.7500 0.7500 1.5077
0.7500 0.7500 1.5092
0.7500 0.7500 1.5108
0.7500 0.7500 1.5125
0.7500 0.7500 1.5145
0.7500 0.7500 1.5162
0.7500 0.7500 1.5183
0.7500 0.7500 1.5205
0.7500 0.7500 1.5231
0.7503 0.7500 1.5257
0.7506 0.7500 1.5287
0.7509 0.7500 1.5315
0.7513 0.7500 1.5346
0.7517 0.7500 1.5379
0.7520 0.7500 1.5412
0.7524 0.7500 1.5446
0.7528 0.7500 1.5483
0.7533 0.7500 1.5522
0.7540 0.7500 1.5561
0.7548 0.7500 1.5604
0.7556 0.7500 1.5648
0.7564 0.7500 1.5693
0.7573 0.7500 1.5738
0.7585 0.7500 1.5788
0.7597 0.7500 1.5835
0.7607 0.7500 1.5885
0.7616 0.7500 1.5937
0.7629 0.7500 1.5993
0.7643 0.7500 1.6046
0.7657 0.7500 1.6103
0.7674 0.7500 1.6160
0.7692 0.7500 1.6222
0.7710 0.7500 1.6281
0.7732 0.7500 1.6341
0.7751 0.7500 1.6405
0.7773 0.7500 1.6470
0.7797 0.7500 1.6535
0.7823 0.7500 1.6601
0.7851 0.7500 1.6668
0.7879 0.7500 1.6735
0.7907 0.7500 1.6806
0.7940 0.7500 1.6877
0.7973 0.7500 1.6946
0.8006 0.7500 1.7016
0.8044 0.7500 1.7089
0.8082 0.7500 1.7163
0.8121 0.7500 1.7237
0.8164 0.7500 1.7308
0.8208 0.7500 1.7384
0.8252 0.7500 1.7459
0.8300 0.7500 1.7535
0.8350 0.7500 1.7608
0.8403 0.7500 1.7681
0.8454 0.7500 1.7758
0.8509 0.7500 1.7835
0.8565 0.7500 1.7910
0.8625 0.7500 1.7984
0.8685 0.7500 1.8058
0.8750 0.7500 1.8133
0.8816 0.7500 1.8208
0.8883 0.7500 1.8279
0.8954 0.7500 1.8351
0.9026 0.7500 1.8422
0.9102 0.7500 1.8493
0.9183 0.7500 1.8565
0.9264 0.7500 1.8633
0.9347 0.7500 1.8700
0.9431 0.7500 1.8768
0.9516 0.7500 1.8832
0.9608 0.7500 1.8896
0.9702 0.7500 1.8956
0.9796 0.7500 1.9018
0.9892 0.7500 1.9077
0.9992 0.7500 1.9133
1.0094 0.7500 1.9188
1.0196 0.7500 1.9242
1.0303 0.7500 1.9296
1.0411 0.7500 1.9345
1.0520 0.7500 1.9391
1.0631 0.7500 1.9437
1.0742 0.7500 1.9478
1.0857 0.7500 1.9518
1.0974 0.7500 1.9554
1.1091 0.7500 1.9589
1.1213 0.7500 1.9623
1.1332 0.7500 1.9650
1.1456 0.7500 1.9675
1.1581 0.7500 1.9696
1.1706 0.7500 1.9716
1.1832 0.7500 1.9732
1.1959 0.7500 1.9746
1.2087 0.7500 1.9756
1.2216 0.7500 1.9761
1.2345 0.7500 1.9765
1.2478 0.7500 1.9764
1.2608 0.7500 1.9759
1.2740 0.7500 1.9751
1.2871 0.7500 1.9740
1.3003 0.7500 1.9723
1.3136 0.7500 1.9705
1.3266 0.7500 1.9682
1.3399 0.7500 1.9657
1.3530 0.7500 1.9627
1.3660 0.7500 1.9593
1.3791 0.7500 1.9553
1.3919 0.7500 1.9512
1.4050 0.7500 1.9466
1.4181 0.7500 1.9414
1.4309 0.7500 1.9361
1.4437 0.7500 1.9303
1.4561 0.7500 1.9243
1.4685 0.7500 1.9178
1.4809 0.7500 1.9108
1.4927 0.7500 1.9036
1.5044 0.7500 1.8962
1.5160 0.7500 1.8880
1.5276 0.7500 1.8796
1.5388 0.7500 1.8711
1.5496 0.7500 1.8620
1.5604 0.7500 1.8527
1.5711 0.7500 1.8429
1.5814 0.7500 1.8330
1.5913 0.7500 1.8226
1.6007 0.7500 1.8119
1.6098 0.7500 1.8008
1.6187 0.7500 1.7896
1.6271 0.7500 1.7778
1.6351 0.7500 1.7662
1.6430 0.7500 1.7541
1.6508 0.7500 1.7419
1.6581 0.7500 1.7291
1.6649 0.7500 1.7166
1.6713 0.7500 1.7036
1.6772 0.7500 1.6901
1.6829 0.7500 1.6768
1.6881 0.7500 1.6631
1.6929 0.7500 1.6496
1.6971 0.7500 1.6356
1.7009 0.7500 1.6218
1.7044 0.7500 1.6076
1.7075 0.7500 1.5936
1.7100 0.7500 1.5793
1.7124 0.7500 1.5651
1.7142 0.7500 1.5506
1.7155 0.7500 1.5362
1.7163 0.7500 1.5215
1.7166 0.7500 1.5071
1.7167 0.7500 1.4923
1.7162 0.7500 1.4777
1.7152 0.7500 1.4635
1.7137 0.7500 1.4488
1.7116 0.7500 1.4345
1.7093 0.7500 1.4201
1.7068 0.7500 1.4061
1.7037 0.7500 1.3917
1.7002 0.7500 1.3777
1.6964 0.7500 1.3636
1.6921 0.7500 1.3499
1.6872 0.7500 1.3361
1.6818 0.7500 1.3228
1.6759 0.7500 1.3094
1.6698 0.7500 1.2965
1.6634 0.7500 1.2835
1.6565 0.7500 1.2710
1.6491 0.7500 1.2585
1.6415 0.7500 1.2461
1.6337 0.7500 1.2344
1.6257 0.7500 1.2228
1.6169 0.7500 1.2113
1.6078 0.7500 1.2001
1.5986 0.7500 1.1895
1.5889 0.7500 1.1789
1.5790 0.7500 1.1687
1.5685 0.7500 1.1587
1.5579 0.7500 1.1491
1.5475 0.7500 1.1399
1.5366 0.7500 1.1309
1.5255 0.7500 1.1223
1.5143 0.7500 1.1142
1.5026 0.7500 1.1066
1.4911 0.7500 1.0991
1.4792 0.7500 1.0921
1.4671 0.7500 1.0853
1.4549 0.7500 1.0789
1.4425 0.7500 1.0730
1.4301 0.7500 1.0673
1.4173 0.7500 1.0621
1.4046 0.7500 1.0573
1.3919 0.7500 1.0528
1.3791 0.7500 1.0487
1.3662 0.7500 1.0452
1.3533 0.7500 1.0418
1.3403 0.7500 1.0389
1.3272 0.7500 1.0362
1.3141 0.7500 1.0340
1.3012 0.7500 1.0320
1.2880 0.7500 1.0308
1.2751 0.7500 1.0298
1.2621 0.7500 1.0290
1.2491 0.7500 1.0286
1.2364 0.7500 1.0285
1.2237 0.7500 1.0289
1.2110 0.7500 1.0294
1.1983 0.7500 1.0304
1.1856 0.7500 1.0320
1.1733 0.7500 1.0337
1.1609 0.7500 1.0356
1.1486 0.7500 1.0376
1.1366 0.7500 1.0402
1.1246 0.7500 1.0432
1.1127 0.7500 1.0461
1.1008 0.7500 1.0495
1.0896 0.7500 1.0530
1.0785 0.7500 1.0569
1.0674 0.7500 1.0611
1.0564 0.7500 1.0653
1.0454 0.7500 1.0701
1.0348 0.7500 1.0749
1.0246 0.7500 1.0800
1.0145 0.7500 1.0851
1.0048 0.7500 1.0904
0.9951 0.7500 1.0961
0.9856 0.7500 1.1019
0.9765 0.7500 1.1078
0.9674 0.7500 1.1139
0.9588 0.7500 1.1200
0.9503 0.7500 1.1266
0.9422 0.7500 1.1333
0.9339 0.7500 1.1398
0.9260 0.7500 1.1463
0.9182 0.7500 1.1532
0.9109 0.7500 1.1603
0.9036 0.7500 1.1674
0.8965 0.7500 1.1742
0.8898 0.7500 1.1815
0.8832 0.7500 1.1888
0.8767 0.7500 1.1961
0.8706 0.7500 1.2032
0.8646 0.7500 1.2104
0.8588 0.7500 1.2179
0.8533 0.7500 1.2254
0.8480 0.7500 1.2327
0.8428 0.7500 1.2400
0.8376 0.7500 1.2473
0.8329 0.7500 1.2546
0.8283 0.7500 1.2620
0.8241 0.7500 1.2694
0.8197 0.7500 1.2765
0.8157 0.7500 1.2835
0.8118 0.7500 1.2909
0.8080 0.7500 1.2980
0.8046 0.7500 1.3051
0.8013 0.7500 1.3118
0.7981 0.7500 1.3189
0.7953 0.7500 1.3256
0.7926 0.7500 1.3323
0.7897 0.7500 1.3386
0.7862 0.7500 1.3456
0.7831 0.7500 1.3525
0.7802 0.7500 1.3591
0.7774 0.7500 1.3660
0.7747 0.7500 1.3726
0.7719 0.7500 1.3790
0.7697 0.7500 1.3856
0.7675 0.7500 1.3920
0.7655 0.7500 1.3980
0.7635 0.7500 1.4043
0.7618 0.7500 1.4100
0.7601 0.7500 1.4160
0.7583 0.7500 1.4212
0.7561 0.7500 1.4270
0.7500 0.7500 1.4299
0.7500 0.7500 1.4400
0.7500 0.7500 1.4400
0.7500 0.7500 1.4500
0.7500 0.7500 1.4500
0.7500 0.7500 1.4600
0.7500 0.7500 1.4600
0.7500 0.7500 1.4600
0.7500 0.7500 1.4700
0.7500 0.7500 1.4700
0.7500 0.7500 1.4700
0.7500 0.7500 1.4800
0.7500 0.7500 1.4800
0.7500 0.7500 1.4800
0.7500 0.7500 1.4900
0.7500 0.7500 1.4900
0.7500 0.7500 1.4900
0.7500 0.7500 1.4900
0.7500 0.7500 1.4900
0.7500 0.7500 1.4900
0.7500 0.7500 1.5000
0.7500 0.7500 1.5000
0.7500 0.7500 1.5000
0.7500 0.7500 1.5000
0.7500 0.7500 1.5000
0.7500 0.7500 1.5000
0.7500 0.7500 1.5000
0.7500 0.7500 1.5000
0.7500 0.7500 1.5000
0.7500 0.7500 1.5000
0.7500 0.7500 1.5000
0.7500 0.7500 1.5000
0.7500 0.7500 1.5000
0.7500 0.7500 1.5000
0.7500 0.7500 1.5000
0.7500 0.7500 1.5000
0.7500 0.7500 1.5000
0.7500 0.7500 1.5000
0.7500 0.7500 1.5000
0.7500 0.7500 1.5000
0.7500 0.7500 1.5000
0.7500 0.7500 1.5000
0.7500 0.7500 1.5000
0.7500 0.7500 1.5000
0.7500 0.7500 1.5000
0.7500 0.7500 1.5000
0.7500 0.7500 1.5000
0.7500 0.7500 1.5000
0.7500 0.7500 1.5000
0.7500 0.7500 1.5000
0.7500 0.7500 1.5000
0.7500 0.7500 1.5000
0.7500 0.7500 1.4900
0.7500 0.7500 1.4800
0.7500 0.7500 1.4700
0.7500 0.7500 1.4600
0.7500 0.7500 1.4500
0.7500 0.7500 1.4400
0.7500 0.7500 1.4299
0.7500 0.7500 1.4199
0.7500 0.7500 1.4099
0.7500 0.7500 1.3999
0.7500 0.7500 1.3899
0.7500 0.7500 1.3799
0.7500 0.7500 1.3700
0.7500 0.7500 1.3600
0.7500 0.7500 1.3500
0.7500 0.7500 1.3400
0.7500 0.7500 1.3300
0.7500 0.7500 1.3200
0.7500 0.7500 1.3099
0.7500 0.7500 1.2999
0.7500 0.7500 1.2899
0.7500 0.7500 1.2799
0.7500 0.7500 1.2699
0.7500 0.7500 1.2599
0.7500 0.7500 1.2500
0.7500 0.7500 1.2400
0.7500 0.7500 1.2300
0.7500 0.7500 1.2200
0.7500 0.7500 1.2100
0.7500 0.7500 1.2000
0.7500 0.7500 1.1900
0.7500 0.7500 1.1799
0.7500 0.7500 1.1699
0.7500 0.7500 1.1599
0.7500 0.7500 1.1499
0.7500 0.7500 1.1399
0.7500 0.7500 1.1299
0.7500 0.7500 1.1200
0.7500 0.7500 1.1100
0.7500 0.7500 1.1000
0.7500 0.7500 1.0900
0.7500 0.7500 1.0800
0.7500 0.7500 1.0700
0.7500 0.7500 1.0599
0.7500 0.7500 1.0499
0.7500 0.7500 1.0399
0.7500 0.7500 1.0299
0.7500 0.7500 1.0199
0.7500 0.7500 1.0099
0.7500 0.7500 1.0000
0.7500 0.7500 0.9900
0.7500 0.7500 0.9800
0.7500 0.7500 0.9700
0.7500 0.7500 0.9599
0.7500 0.7500 0.9499
0.7500 0.7500 0.9399
0.7500 0.7500 0.9300
0.7500 0.7500 0.9200
0.7500 0.7500 0.9100
0.7500 0.7500 0.8999
0.7500 0.7500 0.8899
0.7500 0.7500 0.8799
0.7500 0.7500 0.8700
0.7500 0.7500 0.8600
0.7500 0.7500 0.8500
0.7500 0.7500 0.8399
0.7500 0.7500 0.8299
0.7500 0.7500 0.8199
0.7500 0.7500 0.8100
0.7500 0.7500 0.8000
0.7500 0.7500 0.7900
0.7500 0.7500 0.7799
0.7500 0.7500 0.7699
0.7500 0.7500 0.7599
0.7500 0.7500 0.7500
0.7500 0.7500 0.7400
0.7500 0.7500 0.7300
0.7500 0.7500 0.7200
0.7500 0.7500 0.7099
0.7500 0.7500 0.6999
0.7500 0.7500 0.6899
0.7500 0.7500 0.6800
0.7500 0.7500 0.6700
0.7500 0.7500 0.6600
0.7500 0.7500 0.6499
0.7500 0.7500 0.6399
0.7500 0.7500 0.6299
0.7500 0.7500 0.6200
0.7500 0.7500 0.6100
0.7500 0.7500 0.6000
0.7500 0.7500 0.5899
0.7500 0.7500 0.5799
0.7500 0.7500 0.5699
0.7500 0.7500 0.5600
0.7500 0.7500 0.5500
0.7500 0.7500 0.5400
0.7500 0.7500 0.5299
0.7500 0.7500 0.5199
0.7500 0.7500 0.5099
0.7500 0.7500 0.5000
0.7500 0.7500 0.4900
0.7500 0.7500 0.4799
0.7500 0.7500 0.4699
0.7500 0.7500 0.4600
0.7500 0.7500 0.4499
0.7500 0.7500 0.4399
0.7500 0.7500 0.4300
0.7500 0.7500 0.4199
0.7500 0.7500 0.4099
0.7500 0.7500 0.4000
0.7500 0.7500 0.3899
0.7500 0.7500 0.3799
0.7500 0.7500 0.3700
0.7500 0.7500 0.3600
0.7500 0.7500 0.3499
0.7500 0.7500 0.3400
0.7500 0.7500 0.3300
0.7500 0.7500 0.3199
0.7500 0.7500 0.3100
0.7500 0.7500 0.3000
0.7500 0.7500 0.2899
0.7500 0.7500 0.2800
0.7500 0.7500 0.2700
0.7500 0.7500 0.2599
0.7500 0.7500 0.2500
0.7500 0.7500 0.2399
0.7500 0.7500 0.2300
0.7500 0.7500 0.2199
0.7500 0.7500 0.2099
0.7500 0.7500 0.2000
0.7500 0.7500 0.1899
0.7500 0.7500 0.1800
0.7500 0.7500 0.1700
0.7500 0.7500 0.1599
0.7500 0.7500 0.1500
0.7500 0.7500 0.1403
0.7500 0.7500 0.1303
0.7500 0.7500 0.1203
0.7500 0.7500 0.1103
0.7500 0.7500 0.1004
0.7500 0.7500 0.0904
0.7500 0.7500 0.0805
0.7500 0.7500 0.0705
0.7500 0.7500 0.0606
0.7500 0.7500 0.0507
0.7500 0.7500 0.0409
0.7500 0.7500 0.0311
0.7500 0.7500 0.0214
0.7500 0.7500 0.0120
0.7500 0.7500 0.0033
