0.7500 1.2500 1.0087
0.7500 1.2500 1.0467
0.7500 1.2500 1.0833
0.7500 1.2500 1.1285
0.7500 1.2500 1.1735
0.7500 1.2500 1.2176
0.7500 1.2500 1.2596
0.7500 1.2500 1.2984
0.7500 1.2500 1.3339
0.7500 1.2500 1.3662
0.7500 1.2500 1.3950
0.7500 1.2500 1.4206
0.7500 1.2500 1.4428
0.7500 1.2500 1.4616
0.7500 1.2500 1.4769
0.7500 1.2500 1.4888
0.7500 1.2500 1.4971
0.7500 1.2500 1.5000
0.7500 1.2500 1.5000
0.7451 1.2474 1.5064
0.7390 1.2442 1.5146
0.7312 1.2401 1.5249
0.7218 1.2352 1.5374
0.7108 1.2294 1.5522
0.6981 1.2227 1.5691
0.6838 1.2152 1.5882
0.6679 1.2068 1.6094
0.6509 1.1979 1.6320
0.6332 1.1886 1.6556
0.6150 1.1790 1.6799
0.5968 1.1695 1.7042
0.5790 1.1601 1.7279
0.5619 1.1511 1.7507
0.5458 1.1427 1.7721
0.5314 1.1351 1.7914
0.5168 1.1274 1.8108
0.5023 1.1198 1.8302
0.4878 1.1122 1.8495
0.4734 1.1046 1.8687
0.4592 1.0971 1.8876
0.4452 1.0898 1.9062
0.4317 1.0827 1.9243
0.4148 1.0738 1.9468
0.3978 1.0649 1.9695
0.3808 1.0559 1.9922
0.3643 1.0473 2.0141
0.3488 1.0391 2.0349
0.3344 1.0315 2.0541
0.3215 1.0248 2.0713
0.3103 1.0189 2.0862
0.3010 1.0140 2.0986
0.2934 1.0100 2.1086
0.2871 1.0067 2.1171
0.2819 1.0040 2.1240
0.2778 1.0018 2.1294
0.2743 1.0000 2.1342
0.2743 1.0000 2.1342
0.2743 1.0000 2.1342
0.2743 1.0000 2.1342
0.2743 1.0000 2.1342
0.2743 1.0000 2.1342
0.2743 1.0000 2.1342
0.2743 1.0000 2.1342
0.2743 1.0000 2.1342
0.2743 1.0000 2.1342
0.2743 1.0000 2.1342
0.2743 1.0000 2.1342
0.2743 1.0000 2.1342
0.2743 1.0000 2.1342
0.2743 1.0000 2.1342
0.2743 1.0000 2.1342
0.2743 1.0000 2.1342
0.2743 1.0000 2.1342
0.2743 1.0000 2.1342
0.2743 1.0000 2.1342
0.2743 1.0000 2.1342
0.2743 1.0000 2.1342
0.2743 1.0000 2.1342
0.2743 1.0000 2.1342
0.2743 1.0000 2.1342
0.2743 1.0000 2.1342
0.2743 1.0000 2.1342
0.2743 1.0000 2.1342
0.2743 1.0001 2.1342
0.2743 1.0002 2.1342
0.2743 1.0003 2.1342
0.2743 1.0005 2.1342
0.2743 1.0007 2.1342
0.2743 1.0009 2.1342
0.2743 1.0013 2.1342
0.2743 1.0017 2.1342
0.2743 1.0021 2.1342
0.2743 1.0027 2.1342
0.2743 1.0034 2.1342
0.2743 1.0042 2.1342
0.2743 1.0052 2.1342
0.2743 1.0063 2.1342
0.2743 1.0075 2.1342
0.2743 1.0089 2.1342
0.2743 1.0104 2.1342
0.2743 1.0121 2.1341
0.2744 1.0140 2.1341
0.2744 1.0162 2.1340
0.2745 1.0185 2.1340
0.2746 1.0210 2.1339
0.2747 1.0238 2.1338
0.2748 1.0268 2.1337
0.2749 1.0301 2.1335
0.2751 1.0335 2.1334
0.2753 1.0373 2.1332
0.2755 1.0413 2.1329
0.2758 1.0455 2.1327
0.2761 1.0500 2.1324
0.2765 1.0548 2.1320
0.2769 1.0598 2.1316
0.2773 1.0651 2.1312
0.2778 1.0708 2.1307
0.2783 1.0767 2.1302
0.2789 1.0828 2.1296
0.2796 1.0893 2.1289
0.2803 1.0961 2.1281
0.2811 1.1031 2.1273
0.2820 1.1104 2.1265
0.2830 1.1180 2.1255
0.2840 1.1259 2.1244
0.2852 1.1341 2.1233
0.2864 1.1425 2.1221
0.2878 1.1512 2.1207
0.2892 1.1603 2.1193
0.2908 1.1695 2.1177
0.2924 1.1791 2.1160
0.2943 1.1889 2.1142
0.2962 1.1990 2.1123
0.2983 1.2093 2.1102
0.3005 1.2199 2.1080
0.3028 1.2307 2.1057
0.3053 1.2418 2.1031
0.3080 1.2531 2.1005
0.3109 1.2646 2.0976
0.3139 1.2764 2.0946
0.3171 1.2883 2.0914
0.3204 1.3005 2.0880
0.3240 1.3129 2.0845
0.3278 1.3254 2.0807
0.3318 1.3382 2.0767
0.3360 1.3511 2.0725
0.3404 1.3642 2.0681
0.3450 1.3774 2.0635
0.3499 1.3907 2.0586
0.3550 1.4042 2.0535
0.3603 1.4178 2.0481
0.3659 1.4314 2.0425
0.3718 1.4452 2.0367
0.3779 1.4591 2.0306
0.3843 1.4730 2.0242
0.3909 1.4869 2.0176
0.3978 1.5009 2.0106
0.4050 1.5149 2.0035
0.4125 1.5289 1.9960
0.4202 1.5429 1.9882
0.4282 1.5569 1.9802
0.4366 1.5708 1.9719
0.4452 1.5847 1.9633
0.4540 1.5985 1.9544
0.4632 1.6122 1.9452
0.4727 1.6259 1.9358
0.4825 1.6394 1.9260
0.4926 1.6527 1.9159
0.5029 1.6660 1.9055
0.5136 1.6790 1.8949
0.5246 1.6919 1.8839
0.5358 1.7045 1.8726
0.5474 1.7170 1.8611
0.5592 1.7292 1.8492
0.5713 1.7412 1.8371
0.5838 1.7529 1.8247
0.5965 1.7643 1.8119
0.6095 1.7754 1.7989
0.6228 1.7862 1.7857
0.6363 1.7967 1.7721
0.6502 1.8067 1.7583
0.6643 1.8165 1.7442
0.6786 1.8258 1.7298
0.6932 1.8347 1.7152
0.7080 1.8432 1.7004
0.7231 1.8512 1.6853
0.7385 1.8588 1.6700
0.7540 1.8659 1.6544
0.7697 1.8724 1.6387
0.7857 1.8785 1.6227
0.8019 1.8841 1.6066
0.8182 1.8891 1.5902
0.8347 1.8935 1.5737
0.8514 1.8974 1.5570
0.8682 1.9007 1.5402
0.8852 1.9034 1.5232
0.9023 1.9055 1.5061
0.9195 1.9070 1.4889
0.9368 1.9078 1.4716
0.9542 1.9080 1.4542
0.9717 1.9075 1.4367
0.9892 1.9063 1.4192
1.0068 1.9045 1.4016
1.0244 1.9021 1.3840
1.0420 1.8989 1.3664
1.0596 1.8950 1.3488
1.0772 1.8904 1.3312
1.0948 1.8851 1.3136
1.1123 1.8792 1.2961
1.1298 1.8725 1.2786
1.1471 1.8650 1.2612
1.1644 1.8569 1.2439
1.1816 1.8481 1.2268
1.1986 1.8386 1.2097
1.2155 1.8284 1.1929
1.2322 1.8175 1.1761
1.2488 1.8059 1.1596
1.2651 1.7936 1.1432
1.2812 1.7806 1.1271
1.2972 1.7669 1.1112
1.3128 1.7526 1.0955
1.3282 1.7376 1.0801
1.3433 1.7220 1.0650
1.3581 1.7057 1.0502
1.3726 1.6888 1.0357
1.3868 1.6712 1.0215
1.4006 1.6531 1.0077
1.4141 1.6344 0.9942
1.4272 1.6151 0.9812
1.4399 1.5952 0.9685
1.4522 1.5747 0.9562
1.4640 1.5537 0.9443
1.4755 1.5322 0.9328
1.4865 1.5102 0.9219
1.4970 1.4877 0.9113
1.5071 1.4647 0.9013
1.5166 1.4413 0.8917
1.5257 1.4175 0.8826
1.5343 1.3933 0.8741
1.5423 1.3687 0.8660
1.5499 1.3437 0.8585
1.5568 1.3185 0.8515
1.5633 1.2929 0.8450
1.5692 1.2670 0.8391
1.5746 1.2409 0.8338
1.5794 1.2145 0.8290
1.5836 1.1880 0.8247
1.5872 1.1613 0.8211
1.5903 1.1345 0.8180
1.5928 1.1075 0.8156
1.5946 1.0805 0.8137
1.5960 1.0534 0.8124
1.5967 1.0263 0.8116
1.5968 0.9992 0.8115
1.5964 0.9721 0.8119
1.5954 0.9450 0.8129
1.5938 0.9180 0.8146
1.5916 0.8911 0.8168
1.5888 0.8644 0.8195
1.5854 0.8377 0.8229
1.5815 0.8113 0.8268
1.5771 0.7850 0.8313
1.5720 0.7590 0.8363
1.5664 0.7332 0.8419
1.5603 0.7077 0.8480
1.5537 0.6825 0.8546
1.5465 0.6577 0.8618
1.5388 0.6331 0.8695
1.5306 0.6089 0.8777
1.5219 0.5851 0.8864
1.5127 0.5617 0.8956
1.5031 0.5387 0.9052
1.4930 0.5162 0.9154
1.4824 0.4942 0.9260
1.4714 0.4726 0.9370
1.4599 0.4515 0.9484
1.4481 0.4310 0.9602
1.4358 0.4111 0.9725
1.4232 0.3916 0.9851
1.4102 0.3728 0.9981
1.3968 0.3545 1.0115
1.3831 0.3368 1.0252
1.3691 0.3198 1.0392
1.3548 0.3034 1.0536
1.3401 0.2876 1.0682
1.3252 0.2724 1.0831
1.3101 0.2579 1.0983
1.2947 0.2441 1.1137
1.2790 0.2309 1.1293
1.2632 0.2184 1.1452
1.2471 0.2066 1.1613
1.2309 0.1955 1.1775
1.2145 0.1851 1.1939
1.1979 0.1753 1.2104
1.1813 0.1663 1.2271
1.1645 0.1580 1.2439
1.1476 0.1503 1.2608
1.1306 0.1433 1.2777
1.1136 0.1370 1.2948
1.0965 0.1314 1.3119
1.0794 0.1265 1.3290
1.0622 0.1223 1.3461
1.0451 0.1187 1.3633
1.0280 0.1158 1.3804
1.0108 0.1136 1.3975
0.9938 0.1120 1.4146
0.9768 0.1110 1.4316
0.9598 0.1107 1.4486
0.9429 0.1110 1.4655
0.9262 0.1119 1.4822
0.9095 0.1134 1.4989
0.8929 0.1154 1.5155
0.8765 0.1181 1.5319
0.8602 0.1213 1.5482
0.8441 0.1251 1.5644
0.8281 0.1294 1.5803
0.8123 0.1342 1.5961
0.7966 0.1396 1.6118
0.7812 0.1454 1.6272
0.7659 0.1517 1.6425
0.7509 0.1585 1.6575
0.7361 0.1658 1.6724
0.7214 0.1734 1.6870
0.7070 0.1816 1.7014
0.6929 0.1901 1.7155
0.6790 0.1990 1.7295
0.6653 0.2083 1.7431
0.6519 0.2179 1.7565
0.6387 0.2279 1.7697
0.6258 0.2383 1.7826
0.6132 0.2489 1.7952
0.6008 0.2598 1.8076
0.5887 0.2710 1.8197
0.5769 0.2825 1.8315
0.5654 0.2943 1.8430
0.5541 0.3062 1.8543
0.5432 0.3184 1.8653
0.5325 0.3307 1.8760
0.5221 0.3433 1.8864
0.5119 0.3560 1.8965
0.5021 0.3688 1.9064
0.4925 0.3818 1.9159
0.4832 0.3949 1.9252
0.4742 0.4081 1.9343
0.4655 0.4214 1.9430
0.4570 0.4347 1.9515
0.4488 0.4481 1.9597
0.4409 0.4615 1.9676
0.4332 0.4750 1.9753
0.4257 0.4885 1.9827
0.4185 0.5020 1.9899
0.4115 0.5155 1.9970
0.4047 0.5291 2.0037
0.3981 0.5426 2.0103
0.3918 0.5561 2.0167
0.3856 0.5696 2.0229
0.3796 0.5831 2.0288
0.3738 0.5965 2.0346
0.3683 0.6099 2.0402
0.3628 0.6233 2.0456
0.3576 0.6366 2.0509
0.3525 0.6499 2.0560
0.3476 0.6632 2.0608
0.3429 0.6763 2.0655
0.3385 0.6893 2.0700
0.3343 0.7022 2.0742
0.3303 0.7150 2.0782
0.3264 0.7272 2.0821
0.3226 0.7394 2.0859
0.3191 0.7514 2.0894
0.3158 0.7632 2.0927
0.3127 0.7746 2.0958
0.3098 0.7858 2.0987
0.3070 0.7968 2.1014
0.3045 0.8074 2.1040
0.3021 0.8177 2.1063
0.3000 0.8279 2.1085
0.2980 0.8376 2.1105
0.2961 0.8471 2.1123
0.2944 0.8562 2.1141
0.2928 0.8648 2.1157
0.2912 0.8733 2.1173
0.2897 0.8813 2.1188
0.2885 0.8891 2.1200
0.2874 0.8966 2.1211
0.2864 0.9038 2.1221
0.2854 0.9106 2.1230
0.2846 0.9173 2.1239
0.2838 0.9234 2.1247
0.2826 0.9309 2.1259
0.2815 0.9382 2.1270
0.2805 0.9450 2.1279
0.2797 0.9513 2.1288
0.2789 0.9574 2.1296
0.2782 0.9630 2.1303
0.2775 0.9686 2.1309
0.2769 0.9743 2.1316
0.2763 0.9792 2.1322
0.2758 0.9838 2.1327
0.2753 0.9884 2.1332
0.2749 0.9930 2.1336
0.2746 0.9963 2.1339
0.2744 0.9987 2.1341
0.2743 1.0000 2.1342
0.2743 1.0000 2.1342
0.2743 1.0000 2.1342
0.2743 1.0000 2.1342
0.2743 1.0000 2.1342
0.2743 1.0000 2.1342
0.2743 1.0000 2.1342
0.2743 1.0000 2.1342
0.2743 1.0000 2.1342
0.2743 1.0000 2.1342
0.2743 1.0000 2.1342
0.2743 1.0000 2.1342
0.2743 1.0000 2.1342
0.2743 1.0000 2.1342
0.2743 1.0000 2.1342
0.2743 1.0000 2.1342
0.2743 1.0000 2.1342
0.2743 1.0000 2.1342
0.2743 1.0000 2.1342
0.2743 1.0000 2.1342
0.2743 1.0000 2.1342
0.2743 1.0000 2.1342
0.2743 1.0000 2.1342
0.2743 1.0000 2.1342
0.2743 1.0000 2.1342
0.2743 1.0000 2.1342
0.2743 1.0000 2.1342
0.2743 1.0000 2.1342
0.2743 1.0000 2.1342
0.2743 1.0000 2.1342
0.2743 1.0000 2.1342
0.2743 1.0000 2.1342
0.2743 1.0000 2.1342
0.2743 1.0000 2.1342
0.2743 1.0000 2.1342
0.2743 1.0000 2.1342
0.2743 1.0000 2.1342
0.2743 1.0000 2.1342
0.2743 1.0000 2.1342
0.2743 1.0000 2.1342
0.2743 1.0000 2.1342
0.2743 1.0000 2.1342
0.2743 1.0000 2.1342
0.2743 1.0000 2.1342
0.2743 1.0000 2.1342
0.2743 1.0000 2.1342
0.2743 1.0000 2.1342
0.2743 1.0000 2.1342
0.2743 1.0000 2.1342
0.2743 1.0000 2.1342
0.2743 1.0000 2.1342
0.2743 1.0000 2.1342
0.2807 1.0000 2.1292
0.2885 1.0000 2.1232
0.2981 1.0000 2.1157
0.3094 1.0000 2.1069
0.3222 1.0000 2.0969
0.3354 1.0000 2.0867
0.3479 1.0000 2.0770
0.3593 1.0000 2.0682
0.3696 1.0000 2.0602
0.4350 1.0000 2.0093
0.4440 1.0000 2.0024
0.4511 1.0000 1.9968
0.4564 1.0000 1.9927
0.4600 1.0000 1.9900
0.4600 1.0000 1.9900
0.4600 1.0000 1.9900
0.4600 1.0000 1.9900
0.4600 1.0000 1.9900
0.4600 1.0000 1.9900
0.4600 1.0000 1.9900
0.4600 1.0000 1.9900
0.4600 1.0000 1.9900
0.4600 1.0000 1.9900
0.4600 1.0000 1.9900
0.4600 1.0000 1.9900
0.4600 1.0000 1.9900
0.4600 1.0000 1.9900
0.4600 1.0000 1.9900
0.4600 1.0000 1.9900
0.4600 1.0003 1.9900
0.4600 1.0006 1.9900
0.4600 1.0009 1.9900
0.4600 1.0013 1.9900
0.4600 1.0020 1.9900
0.4600 1.0027 1.9900
0.4600 1.0034 1.9900
0.4600 1.0045 1.9900
0.4600 1.0056 1.9900
0.4600 1.0068 1.9900
0.4600 1.0083 1.9900
0.4600 1.0099 1.9900
0.4600 1.0118 1.9900
0.4600 1.0138 1.9900
0.4600 1.0162 1.9900
0.4603 1.0189 1.9896
0.4606 1.0215 1.9893
0.4609 1.0244 1.9890
0.4613 1.0278 1.9886
0.4617 1.0312 1.9882
0.4620 1.0347 1.9879
0.4624 1.0386 1.9875
0.4628 1.0430 1.9871
0.4633 1.0471 1.9866
0.4637 1.0517 1.9862
0.4641 1.0567 1.9858
0.4646 1.0618 1.9853
0.4654 1.0674 1.9848
0.4662 1.0730 1.9840
0.4670 1.0791 1.9832
0.4679 1.0854 1.9823
0.4685 1.0917 1.9818
0.4691 1.0985 1.9812
0.4700 1.1054 1.9803
0.4709 1.1124 1.9794
0.4718 1.1199 1.9785
0.4728 1.1275 1.9775
0.4741 1.1352 1.9762
0.4754 1.1430 1.9749
0.4768 1.1512 1.9736
0.4782 1.1596 1.9722
0.4799 1.1681 1.9705
0.4817 1.1767 1.9687
0.4835 1.1853 1.9666
0.4854 1.1945 1.9647
0.4873 1.2037 1.9628
0.4895 1.2130 1.9606
0.4918 1.2224 1.9583
0.4945 1.2318 1.9556
0.4969 1.2417 1.9532
0.4996 1.2517 1.9504
0.5025 1.2618 1.9476
0.5057 1.2719 1.9444
0.5090 1.2821 1.9411
0.5123 1.2927 1.9377
0.5160 1.3034 1.9340
0.5202 1.3142 1.9298
0.5240 1.3250 1.9260
0.5283 1.3359 1.9217
0.5326 1.3473 1.9173
0.5374 1.3583 1.9126
0.5422 1.3694 1.9077
0.5472 1.3806 1.9028
0.5525 1.3918 1.8975
0.5579 1.4031 1.8920
0.5638 1.4141 1.8862
0.5697 1.4252 1.8802
0.5761 1.4363 1.8739
0.5825 1.4474 1.8674
0.5891 1.4585 1.8608
0.5961 1.4694 1.8538
0.6032 1.4802 1.8467
0.6104 1.4910 1.8395
0.6180 1.5019 1.8319
0.6257 1.5127 1.8242
0.6339 1.5232 1.8160
0.6422 1.5337 1.8077
0.6509 1.5438 1.7990
0.6597 1.5539 1.7902
0.6690 1.5640 1.7813
0.6784 1.5737 1.7719
0.6879 1.5834 1.7624
0.6975 1.5926 1.7528
0.7075 1.6019 1.7427
0.7177 1.6107 1.7326
0.7280 1.6195 1.7223
0.7387 1.6279 1.7116
0.7495 1.6359 1.7008
0.7608 1.6438 1.6896
0.7721 1.6513 1.6782
0.7840 1.6583 1.6664
0.7956 1.6650 1.6548
0.8073 1.6711 1.6431
0.8194 1.6772 1.6310
0.8317 1.6828 1.6187
0.8440 1.6879 1.6061
0.8565 1.6929 1.5936
0.8693 1.6970 1.5808
0.8823 1.7010 1.5678
0.8954 1.7046 1.5547
0.9085 1.7076 1.5416
0.9221 1.7101 1.5280
0.9354 1.7121 1.5147
0.9491 1.7136 1.5009
0.9626 1.7146 1.4874
0.9765 1.7150 1.4735
0.9902 1.7149 1.4599
1.0042 1.7142 1.4458
1.0183 1.7131 1.4317
1.0321 1.7113 1.4179
1.0463 1.7090 1.4037
1.0603 1.7061 1.3897
1.0743 1.7027 1.3757
1.0883 1.6987 1.3617
1.1023 1.6941 1.3476
1.1161 1.6889 1.3338
1.1302 1.6831 1.3197
1.1440 1.6768 1.3059
1.1579 1.6698 1.2921
1.1714 1.6626 1.2786
1.1849 1.6545 1.2650
1.1981 1.6458 1.2519
1.2112 1.6368 1.2387
1.2240 1.6272 1.2259
1.2368 1.6170 1.2131
1.2495 1.6062 1.2004
1.2619 1.5948 1.1880
1.2742 1.5828 1.1757
1.2865 1.5703 1.1635
1.2983 1.5574 1.1516
1.3098 1.5440 1.1401
1.3212 1.5299 1.1287
1.3322 1.5157 1.1177
1.3428 1.5005 1.1071
1.3533 1.4850 1.0966
1.3634 1.4689 1.0866
1.3733 1.4526 1.0766
1.3828 1.4358 1.0671
1.3919 1.4183 1.0580
1.4009 1.4006 1.0490
1.4094 1.3823 1.0405
1.4175 1.3638 1.0325
1.4251 1.3451 1.0249
1.4322 1.3258 1.0177
1.4388 1.3063 1.0111
1.4450 1.2866 1.0049
1.4509 1.2663 0.9990
1.4564 1.2459 0.9935
1.4614 1.2253 0.9885
1.4662 1.2044 0.9837
1.4701 1.1835 0.9798
1.4739 1.1623 0.9760
1.4771 1.1407 0.9728
1.4799 1.1192 0.9700
1.4824 1.0977 0.9675
1.4840 1.0759 0.9659
1.4855 1.0541 0.9644
1.4864 1.0322 0.9635
1.4868 1.0102 0.9631
1.4869 0.9884 0.9630
1.4865 0.9665 0.9634
1.4856 0.9446 0.9643
1.4841 0.9229 0.9658
1.4821 0.9012 0.9678
1.4796 0.8795 0.9703
1.4765 0.8580 0.9734
1.4731 0.8365 0.9768
1.4692 0.8154 0.9807
1.4648 0.7946 0.9851
1.4601 0.7738 0.9898
1.4549 0.7533 0.9950
1.4494 0.7329 1.0005
1.4434 0.7132 1.0065
1.4368 0.6936 1.0131
1.4301 0.6743 1.0198
1.4228 0.6555 1.0271
1.4149 0.6367 1.0350
1.4068 0.6184 1.0431
1.3985 0.6005 1.0514
1.3897 0.5831 1.0602
1.3806 0.5661 1.0693
1.3714 0.5496 1.0785
1.3617 0.5335 1.0882
1.3518 0.5177 1.0981
1.3414 0.5023 1.1085
1.3308 0.4877 1.1191
1.3197 0.4734 1.1302
1.3084 0.4595 1.1415
1.2966 0.4462 1.1533
1.2850 0.4333 1.1649
1.2729 0.4211 1.1770
1.2606 0.4093 1.1893
1.2482 0.3981 1.2017
1.2357 0.3874 1.2142
1.2227 0.3773 1.2272
1.2099 0.3678 1.2400
1.1966 0.3588 1.2533
1.1833 0.3504 1.2666
1.1701 0.3426 1.2798
1.1565 0.3353 1.2934
1.1431 0.3286 1.3068
1.1293 0.3225 1.3206
1.1157 0.3170 1.3342
1.1018 0.3121 1.3481
1.0881 0.3078 1.3618
1.0743 0.3040 1.3756
1.0605 0.3009 1.3894
1.0466 0.2981 1.4033
1.0330 0.2961 1.4169
1.0194 0.2945 1.4308
1.0057 0.2934 1.4445
0.9920 0.2929 1.4582
0.9787 0.2928 1.4716
0.9653 0.2932 1.4850
0.9516 0.2941 1.4987
0.9382 0.2957 1.5121
0.9248 0.2979 1.5255
0.9118 0.3003 1.5385
0.8987 0.3033 1.5516
0.8861 0.3069 1.5643
0.8734 0.3108 1.5769
0.8608 0.3152 1.5896
0.8486 0.3198 1.6018
0.8364 0.3250 1.6140
0.8242 0.3305 1.6262
0.8121 0.3365 1.6380
0.8004 0.3427 1.6497
0.7887 0.3492 1.6614
0.7774 0.3561 1.6727
0.7662 0.3633 1.6839
0.7554 0.3710 1.6947
0.7447 0.3790 1.7054
0.7343 0.3871 1.7157
0.7241 0.3953 1.7260
0.7139 0.4038 1.7361
0.7042 0.4127 1.7458
0.6945 0.4218 1.7555
0.6850 0.4311 1.7650
0.6758 0.4405 1.7742
0.6668 0.4500 1.7832
0.6582 0.4600 1.7918
0.6496 0.4701 1.8003
0.6415 0.4803 1.8084
0.6336 0.4907 1.8164
0.6257 0.5012 1.8242
0.6183 0.5121 1.8317
0.6109 0.5227 1.8390
0.6041 0.5335 1.8459
0.5969 0.5444 1.8530
0.5903 0.5553 1.8597
0.5840 0.5663 1.8659
0.5779 0.5771 1.8720
0.5719 0.5879 1.8781
0.5663 0.5987 1.8836
0.5608 0.6097 1.8891
0.5558 0.6206 1.8941
0.5505 0.6313 1.8994
0.5457 0.6420 1.9042
0.5410 0.6527 1.9089
0.5368 0.6634 1.9132
0.5326 0.6741 1.9173
0.5285 0.6845 1.9217
0.5246 0.6949 1.9257
0.5207 0.7052 1.9295
0.5173 0.7156 1.9330
0.5140 0.7259 1.9363
0.5108 0.7359 1.9395
0.5076 0.7459 1.9427
0.5049 0.7558 1.9454
0.5014 0.7661 1.9490
0.4980 0.7763 1.9524
0.4947 0.7865 1.9558
0.4918 0.7966 1.9587
0.4891 0.8066 1.9615
0.4864 0.8166 1.9643
0.4837 0.8265 1.9670
0.4810 0.8363 1.9699
0.4782 0.8461 1.9721
0.4762 0.8556 1.9740
0.4743 0.8649 1.9759
0.4726 0.8738 1.9774
0.4714 0.8817 1.9786
0.4704 0.8905 1.9795
0.4699 0.8999 1.9800
0.4699 0.9100 1.9800
0.4699 0.9100 1.9800
0.4699 0.9200 1.9800
0.4699 0.9300 1.9800
0.4699 0.9300 1.9800
0.4600 0.9399 1.9900
0.4600 0.9499 1.9900
0.4600 0.9499 1.9900
0.4600 0.9599 1.9900
0.4600 0.9599 1.9900
0.4600 0.9700 1.9900
0.4600 0.9700 1.9900
0.4600 0.9700 1.9900
0.4600 0.9800 1.9900
0.4600 0.9800 1.9900
0.4600 0.9800 1.9900
0.4600 0.9900 1.9900
0.4600 0.9900 1.9900
0.4600 0.9900 1.9900
0.4600 0.9900 1.9900
0.4600 1.0000 1.9900
0.4600 1.0000 1.9900
0.4600 1.0000 1.9900
0.4600 1.0000 1.9900
0.4600 1.0000 1.9900
0.4600 1.0000 1.9900
0.4600 1.0000 1.9900
0.4600 1.0000 1.9900
0.4600 1.0000 1.9900
0.4600 1.0000 1.9900
0.4600 1.0000 1.9900
0.4600 1.0000 1.9900
0.4600 1.0000 1.9900
0.4600 1.0000 1.9900
0.4600 1.0000 1.9900
0.4600 1.0000 1.9900
0.4600 1.0000 1.9900
0.4600 1.0000 1.9900
0.4600 1.0000 1.9900
0.4600 1.0000 1.9900
0.4600 1.0000 1.9900
0.4600 1.0000 1.9900
0.4600 1.0000 1.9900
0.4600 1.0000 1.9900
0.4600 1.0000 1.9900
0.4600 1.0000 1.9900
0.4600 1.0000 1.9900
0.4600 1.0000 1.9900
0.4600 1.0000 1.9900
0.4600 1.0000 1.9900
0.4600 1.0000 1.9900
0.4637 1.0032 1.9836
0.4681 1.0070 1.9761
0.4735 1.0117 1.9670
0.4800 1.0172 1.9561
0.4874 1.0236 1.9435
0.4959 1.0309 1.9292
0.5054 1.0391 1.9131
0.5158 1.0481 1.8956
0.5267 1.0575 1.8772
0.5379 1.0672 1.8582
0.5493 1.0769 1.8390
0.5605 1.0866 1.8201
0.5713 1.0959 1.8018
0.5816 1.1049 1.7845
0.5911 1.1133 1.7684
0.6000 1.1211 1.7534
0.6089 1.1288 1.7384
0.6177 1.1366 1.7234
0.6266 1.1442 1.7084
0.6354 1.1518 1.6935
0.6440 1.1592 1.6790
0.6523 1.1664 1.6649
0.6627 1.1754 1.6474
0.6732 1.1845 1.6297
0.6836 1.1936 1.6120
0.6938 1.2024 1.5949
0.7033 1.2107 1.5788
0.7121 1.2184 1.5639
0.7201 1.2254 1.5504
0.7270 1.2314 1.5388
0.7328 1.2367 1.5290
0.7375 1.2410 1.5211
0.7414 1.2444 1.5145
0.7448 1.2470 1.5087
0.7479 1.2489 1.5034
0.7500 1.2500 1.5000
0.7500 1.2500 1.5000
0.7500 1.2500 1.5000
0.7500 1.2500 1.5000
0.7500 1.2500 1.5000
0.7500 1.2500 1.5000
0.7500 1.2500 1.5000
0.7500 1.2500 1.5000
0.7500 1.2500 1.5000
0.7500 1.2500 1.5000
0.7500 1.2500 1.5000
0.7500 1.2500 1.5000
0.7500 1.2500 1.5000
0.7500 1.2500 1.5000
0.7500 1.2500 1.5000
0.7500 1.2500 1.5000
0.7500 1.2500 1.5003
0.7500 1.2500 1.5006
0.7500 1.2500 1.5009
0.7500 1.2500 1.5013
0.7500 1.2500 1.5017
0.7500 1.2500 1.5020
0.7500 1.2500 1.5028
0.7500 1.2500 1.5035
0.7500 1.2500 1.5043
0.7500 1.2500 1.5054
0.7500 1.2500 1.5065
0.7500 1.2500 1.5077
0.7500 1.2500 1.5092
0.7500 1.2500 1.5108
0.7500 1.2500 1.5125
0.7500 1.2500 1.5145
0.7500 1.2500 1.5162
0.7500 1.2500 1.5183
0.7500 1.2500 1.5205
0.7500 1.2500 1.5231
0.7503 1.2500 1.5257
0.7506 1.2500 1.5287
0.7509 1.2500 1.5315
0.7513 1.2500 1.5346
0.7517 1.2500 1.5379
0.7520 1.2500 1.5412
0.7524 1.2500 1.5446
0.7528 1.2500 1.5483
0.7533 1.2500 1.5522
0.7540 1.2500 1.5561
0.7548 1.2500 1.5604
0.7556 1.2500 1.5648
0.7564 1.2500 1.5693
0.7573 1.2500 1.5738
0.7585 1.2500 1.5788
0.7597 1.2500 1.5835
0.7607 1.2500 1.5885
0.7616 1.2500 1.5937
0.7629 1.2500 1.5993
0.7643 1.2500 1.6046
0.7657 1.2500 1.6103
0.7674 1.2500 1.6160
0.7692 1.2500 1.6222
0.7710 1.2500 1.6281
0.7732 1.2500 1.6341
0.7751 1.2500 1.6405
0.7773 1.2500 1.6470
0.7797 1.2500 1.6535
0.7823 1.2500 1.6601
0.7851 1.2500 1.6668
0.7879 1.2500 1.6735
0.7907 1.2500 1.6806
0.7940 1.2500 1.6877
0.7973 1.2500 1.6946
0.8006 1.2500 1.7016
0.8044 1.2500 1.7089
0.8082 1.2500 1.7163
0.8121 1.2500 1.7237
0.8164 1.2500 1.7308
0.8208 1.2500 1.7384
0.8252 1.2500 1.7459
0.8300 1.2500 1.7535
0.8350 1.2500 1.7608
0.8403 1.2500 1.7681
0.8454 1.2500 1.7758
0.8509 1.2500 1.7835
0.8565 1.2500 1.7910
0.8625 1.2500 1.7984
0.8685 1.2500 1.8058
0.8750 1.2500 1.8133
0.8816 1.2500 1.8208
0.8883 1.2500 1.8279
0.8954 1.2500 1.8351
0.9026 1.2500 1.8422
0.9102 1.2500 1.8493
0.9183 1.2500 1.8565
0.9264 1.2500 1.8633
0.9347 1.2500 1.8700
0.9431 1.2500 1.8768
0.9516 1.2500 1.8832
0.9608 1.2500 1.8896
0.9702 1.2500 1.8956
0.9796 1.2500 1.9018
0.9892 1.2500 1.9077
0.9992 1.2500 1.9133
1.0094 1.2500 1.9188
1.0196 1.2500 1.9242
1.0303 1.2500 1.9296
1.0411 1.2500 1.9345
1.0520 1.2500 1.9391
1.0631 1.2500 1.9437
1.0742 1.2500 1.9478
1.0857 1.2500 1.9518
1.0974 1.2500 1.9554
1.1091 1.2500 1.9589
1.1213 1.2500 1.9623
1.1332 1.2500 1.9650
1.1456 1.2500 1.9675
1.1581 1.2500 1.9696
1.1706 1.2500 1.9716
1.1832 1.2500 1.9732
1.1959 1.2500 1.9746
1.2087 1.2500 1.9756
1.2216 1.2500 1.9761
1.2345 1.2500 1.9765
1.2478 1.2500 1.9764
1.2608 1.2500 1.9759
1.2740 1.2500 1.9751
1.2871 1.2500 1.9740
1.3003 1.2500 1.9723
1.3136 1.2500 1.9705
1.3266 1.2500 1.9682
1.3399 1.2500 1.9657
1.3530 1.2500 1.9627
1.3660 1.2500 1.9593
1.3791 1.2500 1.9553
1.3919 1.2500 1.9512
1.4050 1.2500 1.9466
1.4181 1.2500 1.9414
1.4309 1.2500 1.9361
1.4437 1.2500 1.9303
1.4561 1.2500 1.9243
1.4685 1.2500 1.9178
1.4809 1.2500 1.9108
1.4927 1.2500 1.9036
1.5044 1.2500 1.8962
1.5160 1.2500 1.8880
1.5276 1.2500 1.8796
1.5388 1.2500 1.8711
1.5496 1.2500 1.8620
1.5604 1.2500 1.8527
1.5711 1.2500 1.8429
1.5814 1.2500 1.8330
1.5913 1.2500 1.8226
1.6007 1.2500 1.8119
1.6098 1.2500 1.8008
1.6187 1.2500 1.7896
1.6271 1.2500 1.7778
1.6351 1.2500 1.7662
1.6430 1.2500 1.7541
1.6508 1.2500 1.7419
1.6581 1.2500 1.7291
1.6649 1.2500 1.7166
1.6713 1.2500 1.7036
1.6772 1.2500 1.6901
1.6829 1.2500 1.6768
1.6881 1.2500 1.6631
1.6929 1.2500 1.6496
1.6971 1.2500 1.6356
1.7009 1.2500 1.6218
1.7044 1.2500 1.6076
1.7075 1.2500 1.5936
1.7100 1.2500 1.5793
1.7124 1.2500 1.5651
1.7142 1.2500 1.5506
1.7155 1.2500 1.5362
1.7163 1.2500 1.5215
1.7166 1.2500 1.5071
1.7167 1.2500 1.4923
1.7162 1.2500 1.4777
1.7152 1.2500 1.4635
1.7137 1.2500 1.4488
1.7116 1.2500 1.4345
1.7093 1.2500 1.4201
1.7068 1.2500 1.4061
1.7037 1.2500 1.3917
1.7002 1.2500 1.3777
1.6964 1.2500 1.3636
1.6921 1.2500 1.3499
1.6872 1.2500 1.3361
1.6818 1.2500 1.3228
1.6759 1.2500 1.3094
1.6698 1.2500 1.2965
1.6634 1.2500 1.2835
1.6565 1.2500 1.2710
1.6491 1.2500 1.2585
1.6415 1.2500 1.2461
1.6337 1.2500 1.2344
1.6257 1.2500 1.2228
1.6169 1.2500 1.2113
1.6078 1.2500 1.2001
1.5986 1.2500 1.1895
1.5889 1.2500 1.1789
1.5790 1.2500 1.1687
1.5685 1.2500 1.1587
1.5579 1.2500 1.1491
1.5475 1.2500 1.1399
1.5366 1.2500 1.1309
1.5255 1.2500 1.1223
1.5143 1.2500 1.1142
1.5026 1.2500 1.1066
1.4911 1.2500 1.0991
1.4792 1.2500 1.0921
1.4671 1.2500 1.0853
1.4549 1.2500 1.0789
1.4425 1.2500 1.0730
1.4301 1.2500 1.0673
1.4173 1.2500 1.0621
1.4046 1.2500 1.0573
1.3919 1.2500 1.0528
1.3791 1.2500 1.0487
1.3662 1.2500 1.0452
1.3533 1.2500 1.0418
1.3403 1.2500 1.0389
1.3272 1.2500 1.0362
1.3141 1.2500 1.0340
1.3012 1.2500 1.0320
1.2880 1.2500 1.0308
1.2751 1.2500 1.0298
1.2621 1.2500 1.0290
1.2491 1.2500 1.0286
1.2364 1.2500 1.0285
1.2237 1.2500 1.0289
1.2110 1.2500 1.0294
1.1983 1.2500 1.0304
1.1856 1.2500 1.0320
1.1733 1.2500 1.0337
1.1609 1.2500 1.0356
1.1486 1.2500 1.0376
1.1366 1.2500 1.0402
1.1246 1.2500 1.0432
1.1127 1.2500 1.0461
1.1008 1.2500 1.0495
1.0896 1.2500 1.0530
1.0785 1.2500 1.0569
1.0674 1.2500 1.0611
1.0564 1.2500 1.0653
1.0454 1.2500 1.0701
1.0348 1.2500 1.0749
1.0246 1.2500 1.0800
1.0145 1.2500 1.0851
1.0048 1.2500 1.0904
0.9951 1.2500 1.0961
0.9856 1.2500 1.1019
0.9765 1.2500 1.1078
0.9674 1.2500 1.1139
0.9588 1.2500 1.1200
0.9503 1.2500 1.1266
0.9422 1.2500 1.1333
0.9339 1.2500 1.1398
0.9260 1.2500 1.1463
0.9182 1.2500 1.1532
0.9109 1.2500 1.1603
0.9036 1.2500 1.1674
0.8965 1.2500 1.1742
0.8898 1.2500 1.1815
0.8832 1.2500 1.1888
0.8767 1.2500 1.1961
0.8706 1.2500 1.2032
0.8646 1.2500 1.2104
0.8588 1.2500 1.2179
0.8533 1.2500 1.2254
0.8480 1.2500 1.2327
0.8428 1.2500 1.2400
0.8376 1.2500 1.2473
0.8329 1.2500 1.2546
0.8283 1.2500 1.2620
0.8241 1.2500 1.2694
0.8197 1.2500 1.2765
0.8157 1.2500 1.2835
0.8118 1.2500 1.2909
0.8080 1.2500 1.2980
0.8046 1.2500 1.3051
0.8013 1.2500 1.3118
0.7981 1.2500 1.3189
0.7953 1.2500 1.3256
0.7926 1.2500 1.3323
0.7897 1.2500 1.3386
0.7862 1.2500 1.3456
0.7831 1.2500 1.3525
0.7802 1.2500 1.3591
0.7774 1.2500 1.3660
0.7747 1.2500 1.3726
0.7719 1.2500 1.3790
0.7697 1.2500 1.3856
0.7675 1.2500 1.3920
0.7655 1.2500 1.3980
0.7635 1.2500 1.4043
0.7618 1.2500 1.4100
0.7601 1.2500 1.4160
0.7583 1.2500 1.4212
0.7561 1.2500 1.4270
0.7500 1.2500 1.4299
0.7500 1.2500 1.4400
0.7500 1.2500 1.4400
0.7500 1.2500 1.4500
0.7500 1.2500 1.4500
0.7500 1.2500 1.4600
0.7500 1.2500 1.4600
0.7500 1.2500 1.4600
0.7500 1.2500 1.4700
0.7500 1.2500 1.4700
0.7500 1.2500 1.4700
0.7500 1.2500 1.4800
0.7500 1.2500 1.4800
0.7500 1.2500 1.4800
0.7500 1.2500 1.4900
0.7500 1.2500 1.4900
0.7500 1.2500 1.4900
0.7500 1.2500 1.4900
0.7500 1.2500 1.4900
0.7500 1.2500 1.4900
0.7500 1.2500 1.5000
0.7500 1.2500 1.5000
0.7500 1.2500 1.5000
0.7500 1.2500 1.5000
0.7500 1.2500 1.5000
0.7500 1.2500 1.5000
0.7500 1.2500 1.5000
0.7500 1.2500 1.5000
0.7500 1.2500 1.5000
0.7500 1.2500 1.5000
0.7500 1.2500 1.5000
0.7500 1.2500 1.5000
0.7500 1.2500 1.5000
0.7500 1.2500 1.5000
0.7500 1.2500 1.5000
0.7500 1.2500 1.5000
0.7500 1.2500 1.5000
0.7500 1.2500 1.5000
0.7500 1.2500 1.5000
0.7500 1.2500 1.5000
0.7500 1.2500 1.5000
0.7500 1.2500 1.5000
0.7500 1.2500 1.5000
0.7500 1.2500 1.5000
0.7500 1.2500 1.5000
0.7500 1.2500 1.5000
0.7500 1.2500 1.5000
0.7500 1.2500 1.5000
0.7500 1.2500 1.5000
0.7500 1.2500 1.5000
0.7500 1.2500 1.5000
0.7500 1.2500 1.5000
0.7500 1.2500 1.4900
0.7500 1.2500 1.4800
0.7500 1.2500 1.4700
0.7500 1.2500 1.4600
0.7500 1.2500 1.4500
0.7500 1.2500 1.4400
0.7500 1.2500 1.4299
0.7500 1.2500 1.4199
0.7500 1.2500 1.4099
0.7500 1.2500 1.3999
0.7500 1.2500 1.3899
0.7500 1.2500 1.3799
0.7500 1.2500 1.3700
0.7500 1.2500 1.3600
0.7500 1.2500 1.3500
0.7500 1.2500 1.3400
0.7500 1.2500 1.3300
0.7500 1.2500 1.3200
0.7500 1.2500 1.3099
0.7500 1.2500 1.2999
0.7500 1.2500 1.2899
0.7500 1.2500 1.2799
0.7500 1.2500 1.2699
0.7500 1.2500 1.2599
0.7500 1.2500 1.2500
0.7500 1.2500 1.2400
0.7500 1.2500 1.2300
0.7500 1.2500 1.2200
0.7500 1.2500 1.2100
0.7500 1.2500 1.2000
0.7500 1.2500 1.1900
0.7500 1.2500 1.1799
0.7500 1.2500 1.1699
0.7500 1.2500 1.1599
0.7500 1.2500 1.1499
0.7500 1.2500 1.1399
0.7500 1.2500 1.1299
0.7500 1.2500 1.1200
0.7500 1.2500 1.1100
0.7500 1.2500 1.1000
0.7500 1.2500 1.0900
0.7500 1.2500 1.0800
0.7500 1.2500 1.0700
0.7500 1.2500 1.0599
0.7500 1.2500 1.0499
0.7500 1.2500 1.0399
0.7500 1.2500 1.0299
0.7500 1.2500 1.0199
0.7500 1.2500 1.0099
0.7500 1.2500 1.0000
0.7500 1.2500 0.9900
0.7500 1.2500 0.9800
0.7500 1.2500 0.9700
0.7500 1.2500 0.9599
0.7500 1.2500 0.9499
0.7500 1.2500 0.9399
0.7500 1.2500 0.9300
0.7500 1.2500 0.9200
0.7500 1.2500 0.9100
0.7500 1.2500 0.8999
0.7500 1.2500 0.8899
0.7500 1.2500 0.8799
0.7500 1.2500 0.8700
0.7500 1.2500 0.8600
0.7500 1.2500 0.8500
0.7500 1.2500 0.8399
0.7500 1.2500 0.8299
0.7500 1.2500 0.8199
0.7500 1.2500 0.8100
0.7500 1.2500 0.8000
0.7500 1.2500 0.7900
0.7500 1.2500 0.7799
0.7500 1.2500 0.7699
0.7500 1.2500 0.7599
0.7500 1.2500 0.7500
0.7500 1.2500 0.7400
0.7500 1.2500 0.7300
0.7500 1.2500 0.7200
0.7500 1.2500 0.7099
0.7500 1.2500 0.6999
0.7500 1.2500 0.6899
0.7500 1.2500 0.6800
0.7500 1.2500 0.6700
0.7500 1.2500 0.6600
0.7500 1.2500 0.6499
0.7500 1.2500 0.6399
0.7500 1.2500 0.6299
0.7500 1.2500 0.6200
0.7500 1.2500 0.6100
0.7500 1.2500 0.6000
0.7500 1.2500 0.5899
0.7500 1.2500 0.5799
0.7500 1.2500 0.5699
0.7500 1.2500 0.5600
0.7500 1.2500 0.5500
0.7500 1.2500 0.5400
0.7500 1.2500 0.5299
0.7500 1.2500 0.5199
0.7500 1.2500 0.5099
0.7500 1.2500 0.5000
0.7500 1.2500 0.4900
0.7500 1.2500 0.4799
0.7500 1.2500 0.4699
0.7500 1.2500 0.4600
0.7500 1.2500 0.4499
0.7500 1.2500 0.4399
0.7500 1.2500 0.4300
0.7500 1.2500 0.4199
0.7500 1.2500 0.4099
0.7500 1.2500 0.4000
0.7500 1.2500 0.3899
0.7500 1.2500 0.3799
0.7500 1.2500 0.3700
0.7500 1.2500 0.3600
0.7500 1.2500 0.3499
0.7500 1.2500 0.3400
0.7500 1.2500 0.3300
0.7500 1.2500 0.3199
0.7500 1.2500 0.3100
0.7500 1.2500 0.3000
0.7500 1.2500 0.2899
0.7500 1.2500 0.2800
0.7500 1.2500 0.2700
0.7500 1.2500 0.2599
0.7500 1.2500 0.2500
0.7500 1.2500 0.2399
0.7500 1.2500 0.2300
0.7500 1.2500 0.2199
0.7500 1.2500 0.2099
0.7500 1.2500 0.2000
0.7500 1.2500 0.1899
0.7500 1.2500 0.1800
0.7500 1.2500 0.1700
0.7500 1.2500 0.1599
0.7500 1.2500 0.1500
0.7500 1.2500 0.1403
0.7500 1.2500 0.1303
0.7500 1.2500 0.1203
0.7500 1.2500 0.1103
0.7500 1.2500 0.1004
0.7500 1.2500 0.0904
0.7500 1.2500 0.0805
0.7500 1.2500 0.0705
0.7500 1.2500 0.0606
0.7500 1.2500 0.0507
0.7500 1.2500 0.0409
0.7500 1.2500 0.0311
0.7500 1.2500 0.0214
0.7500 1.2500 0.0120
0.7500 1.2500 0.0033
