0.7500 1.7500 1.0087
0.7500 1.7500 1.0467
0.7500 1.7500 1.0833
0.7500 1.7500 1.1285
0.7500 1.7500 1.1735
0.7500 1.7500 1.2176
0.7500 1.7500 1.2596
0.7500 1.7500 1.2984
0.7500 1.7500 1.3339
0.7500 1.7500 1.3662
0.7500 1.7500 1.3950
0.7500 1.7500 1.4206
0.7500 1.7500 1.4428
0.7500 1.7500 1.4616
0.7500 1.7500 1.4769
0.7500 1.7500 1.4888
0.7500 1.7500 1.4971
0.7500 1.7500 1.5000
0.7500 1.7500 1.5000
0.7457 1.7493 1.5067
0.7411 1.7486 1.5140
0.7357 1.7478 1.5225
0.7295 1.7469 1.5324
0.7224 1.7459 1.5437
0.7144 1.7447 1.5564
0.7055 1.7434 1.5704
0.6961 1.7420 1.5854
0.6862 1.7405 1.6010
0.6762 1.7390 1.6170
0.6660 1.7375 1.6331
0.6558 1.7360 1.6492
0.6460 1.7346 1.6648
0.6366 1.7332 1.6798
0.6278 1.7319 1.6937
0.6195 1.7307 1.7068
0.6113 1.7295 1.7199
0.6030 1.7282 1.7330
0.5947 1.7270 1.7461
0.5866 1.7258 1.7590
0.5787 1.7246 1.7716
0.5709 1.7235 1.7839
0.5634 1.7224 1.7957
0.5541 1.7210 1.8106
0.5447 1.7196 1.8255
0.5355 1.7183 1.8400
0.5267 1.7170 1.8540
0.5184 1.7157 1.8671
0.5107 1.7146 1.8793
0.5038 1.7136 1.8903
0.4978 1.7127 1.8998
0.4927 1.7119 1.9079
0.4886 1.7113 1.9144
0.4850 1.7108 1.9201
0.4819 1.7103 1.9251
0.4797 1.7100 1.9286
0.4793 1.7100 1.9291
0.4793 1.7100 1.9291
0.4793 1.7100 1.9291
0.4793 1.7100 1.9291
0.4793 1.7100 1.9291
0.4793 1.7100 1.9291
0.4793 1.7100 1.9291
0.4793 1.7100 1.9291
0.4793 1.7100 1.9291
0.4793 1.7100 1.9291
0.4793 1.7100 1.9291
0.4793 1.7100 1.9291
0.4793 1.7100 1.9291
0.4793 1.7100 1.9291
0.4793 1.7100 1.9291
0.4793 1.7100 1.9291
0.4793 1.7100 1.9291
0.4793 1.7100 1.9291
0.4793 1.7100 1.9291
0.4793 1.7100 1.9291
0.4793 1.7100 1.9291
0.4793 1.7100 1.9291
0.4793 1.7100 1.9291
0.4793 1.7100 1.9291
0.4793 1.7100 1.9291
0.4793 1.7100 1.9291
0.4794 1.7100 1.9291
0.4794 1.7100 1.9290
0.4795 1.7100 1.9290
0.4795 1.7100 1.9289
0.4796 1.7101 1.9288
0.4797 1.7101 1.9287
0.4799 1.7102 1.9286
0.4800 1.7103 1.9284
0.4802 1.7105 1.9282
0.4805 1.7107 1.9280
0.4808 1.7110 1.9277
0.4811 1.7113 1.9273
0.4816 1.7117 1.9269
0.4820 1.7121 1.9264
0.4826 1.7127 1.9259
0.4832 1.7133 1.9253
0.4839 1.7141 1.9246
0.4847 1.7149 1.9238
0.4855 1.7159 1.9229
0.4865 1.7170 1.9220
0.4876 1.7182 1.9209
0.4888 1.7195 1.9197
0.4901 1.7210 1.9184
0.4915 1.7226 1.9170
0.4930 1.7244 1.9154
0.4947 1.7264 1.9138
0.4965 1.7284 1.9120
0.4984 1.7307 1.9100
0.5005 1.7331 1.9080
0.5027 1.7356 1.9057
0.5051 1.7383 1.9034
0.5076 1.7411 1.9008
0.5103 1.7441 1.8981
0.5132 1.7473 1.8952
0.5162 1.7506 1.8922
0.5194 1.7540 1.8890
0.5228 1.7576 1.8856
0.5264 1.7614 1.8821
0.5301 1.7653 1.8783
0.5341 1.7693 1.8744
0.5382 1.7735 1.8703
0.5425 1.7777 1.8660
0.5470 1.7822 1.8615
0.5517 1.7867 1.8568
0.5566 1.7913 1.8518
0.5617 1.7960 1.8467
0.5670 1.8008 1.8414
0.5726 1.8057 1.8359
0.5783 1.8107 1.8301
0.5843 1.8158 1.8242
0.5905 1.8209 1.8180
0.5969 1.8260 1.8116
0.6035 1.8312 1.8049
0.6104 1.8365 1.7981
0.6174 1.8418 1.7910
0.6247 1.8470 1.7837
0.6323 1.8523 1.7761
0.6401 1.8576 1.7684
0.6481 1.8628 1.7604
0.6563 1.8681 1.7521
0.6648 1.8733 1.7436
0.6735 1.8784 1.7349
0.6824 1.8835 1.7260
0.6916 1.8885 1.7168
0.7010 1.8934 1.7074
0.7107 1.8982 1.6978
0.7205 1.9029 1.6879
0.7306 1.9075 1.6778
0.7410 1.9119 1.6674
0.7515 1.9161 1.6569
0.7623 1.9202 1.6461
0.7733 1.9241 1.6351
0.7845 1.9279 1.6239
0.7960 1.9313 1.6124
0.8076 1.9346 1.6008
0.8195 1.9376 1.5889
0.8316 1.9404 1.5769
0.8438 1.9428 1.5646
0.8563 1.9450 1.5521
0.8689 1.9469 1.5395
0.8818 1.9484 1.5266
0.8948 1.9497 1.5136
0.9080 1.9506 1.5004
0.9213 1.9511 1.4871
0.9348 1.9512 1.4736
0.9484 1.9510 1.4599
0.9622 1.9504 1.4462
0.9762 1.9494 1.4322
0.9902 1.9479 1.4182
1.0044 1.9460 1.4040
1.0187 1.9437 1.3897
1.0331 1.9409 1.3753
1.0476 1.9377 1.3608
1.0622 1.9340 1.3462
1.0768 1.9299 1.3316
1.0915 1.9252 1.3169
1.1062 1.9201 1.3021
1.1210 1.9144 1.2873
1.1358 1.9082 1.2725
1.1506 1.9015 1.2577
1.1655 1.8943 1.2429
1.1803 1.8865 1.2281
1.1951 1.8782 1.2133
1.2098 1.8693 1.1986
1.2245 1.8599 1.1839
1.2391 1.8499 1.1693
1.2536 1.8394 1.1547
1.2681 1.8283 1.1403
1.2824 1.8166 1.1260
1.2966 1.8043 1.1117
1.3107 1.7915 1.0977
1.3246 1.7781 1.0838
1.3383 1.7642 1.0701
1.3518 1.7496 1.0565
1.3652 1.7345 1.0432
1.3783 1.7189 1.0300
1.3912 1.7027 1.0171
1.4039 1.6859 1.0045
1.4163 1.6686 0.9921
1.4284 1.6507 0.9799
1.4403 1.6324 0.9681
1.4518 1.6135 0.9565
1.4630 1.5941 0.9453
1.4739 1.5741 0.9344
1.4845 1.5537 0.9239
1.4947 1.5329 0.9137
1.5045 1.5115 0.9038
1.5139 1.4897 0.8944
1.5230 1.4675 0.8854
1.5316 1.4449 0.8767
1.5398 1.4218 0.8685
1.5476 1.3984 0.8607
1.5549 1.3747 0.8534
1.5618 1.3506 0.8466
1.5682 1.3261 0.8402
1.5741 1.3014 0.8342
1.5795 1.2763 0.8288
1.5844 1.2510 0.8239
1.5888 1.2255 0.8195
1.5927 1.1997 0.8156
1.5961 1.1738 0.8122
1.5990 1.1476 0.8094
1.6013 1.1213 0.8071
1.6030 1.0949 0.8053
1.6043 1.0684 0.8041
1.6049 1.0417 0.8034
1.6050 1.0151 0.8033
1.6046 0.9883 0.8038
1.6035 0.9616 0.8048
1.6020 0.9349 0.8064
1.5998 0.9082 0.8085
1.5971 0.8816 0.8112
1.5938 0.8551 0.8145
1.5900 0.8287 0.8183
1.5856 0.8025 0.8227
1.5806 0.7764 0.8277
1.5751 0.7505 0.8332
1.5690 0.7249 0.8393
1.5624 0.6995 0.8459
1.5552 0.6744 0.8531
1.5475 0.6495 0.8608
1.5393 0.6250 0.8690
1.5305 0.6009 0.8778
1.5213 0.5771 0.8871
1.5115 0.5538 0.8968
1.5012 0.5308 0.9071
1.4904 0.5083 0.9179
1.4792 0.4863 0.9292
1.4675 0.4647 0.9409
1.4553 0.4437 0.9530
1.4427 0.4232 0.9657
1.4296 0.4033 0.9787
1.4162 0.3839 0.9922
1.4023 0.3651 1.0060
1.3881 0.3469 1.0203
1.3735 0.3294 1.0349
1.3585 0.3125 1.0498
1.3432 0.2963 1.0652
1.3275 0.2808 1.0808
1.3116 0.2659 1.0968
1.2953 0.2517 1.1130
1.2788 0.2383 1.1296
1.2620 0.2256 1.1463
1.2450 0.2136 1.1634
1.2277 0.2024 1.1807
1.2102 0.1919 1.1981
1.1925 0.1823 1.2158
1.1747 0.1733 1.2337
1.1567 0.1652 1.2517
1.1385 0.1578 1.2699
1.1202 0.1512 1.2882
1.1018 0.1454 1.3066
1.0833 0.1404 1.3250
1.0648 0.1362 1.3436
1.0462 0.1328 1.3622
1.0276 0.1301 1.3808
1.0089 0.1282 1.3995
0.9903 0.1272 1.4181
0.9717 0.1269 1.4367
0.9531 0.1273 1.4553
0.9346 0.1286 1.4738
0.9161 0.1305 1.4923
0.8978 0.1333 1.5107
0.8795 0.1368 1.5289
0.8614 0.1410 1.5470
0.8434 0.1459 1.5650
0.8256 0.1515 1.5828
0.8079 0.1579 1.6005
0.7905 0.1649 1.6180
0.7732 0.1727 1.6352
0.7561 0.1810 1.6523
0.7393 0.1901 1.6691
0.7228 0.1997 1.6857
0.7064 0.2100 1.7020
0.6904 0.2209 1.7181
0.6746 0.2324 1.7339
0.6591 0.2445 1.7493
0.6439 0.2571 1.7645
0.6290 0.2702 1.7794
0.6144 0.2839 1.7940
0.6002 0.2981 1.8083
0.5863 0.3127 1.8222
0.5727 0.3278 1.8358
0.5594 0.3433 1.8490
0.5466 0.3593 1.8619
0.5340 0.3756 1.8744
0.5219 0.3924 1.8866
0.5100 0.4095 1.8984
0.4986 0.4269 1.9099
0.4875 0.4446 1.9209
0.4768 0.4627 1.9316
0.4665 0.4810 1.9420
0.4566 0.4996 1.9519
0.4470 0.5184 1.9615
0.4378 0.5374 1.9706
0.4290 0.5567 1.9794
0.4206 0.5761 1.9878
0.4126 0.5957 1.9958
0.4050 0.6154 2.0035
0.3977 0.6353 2.0108
0.3908 0.6553 2.0176
0.3843 0.6753 2.0241
0.3782 0.6955 2.0302
0.3725 0.7156 2.0360
0.3671 0.7358 2.0414
0.3621 0.7561 2.0464
0.3575 0.7763 2.0510
0.3532 0.7965 2.0553
0.3492 0.8167 2.0592
0.3456 0.8368 2.0628
0.3424 0.8569 2.0661
0.3395 0.8769 2.0690
0.3369 0.8968 2.0716
0.3346 0.9166 2.0739
0.3326 0.9363 2.0759
0.3310 0.9559 2.0775
0.3296 0.9753 2.0789
0.3285 0.9946 2.0800
0.3277 1.0137 2.0808
0.3271 1.0326 2.0813
0.3268 1.0513 2.0816
0.3268 1.0699 2.0817
0.3270 1.0882 2.0815
0.3275 1.1063 2.0810
0.3281 1.1242 2.0803
0.3290 1.1419 2.0795
0.3301 1.1593 2.0784
0.3314 1.1764 2.0771
0.3329 1.1934 2.0756
0.3345 1.2101 2.0739
0.3363 1.2267 2.0721
0.3383 1.2430 2.0702
0.3404 1.2591 2.0681
0.3426 1.2750 2.0658
0.3450 1.2906 2.0634
0.3475 1.3061 2.0609
0.3502 1.3214 2.0583
0.3529 1.3364 2.0556
0.3558 1.3512 2.0527
0.3587 1.3659 2.0497
0.3618 1.3803 2.0467
0.3649 1.3946 2.0435
0.3682 1.4086 2.0402
0.3715 1.4221 2.0370
0.3749 1.4354 2.0336
0.3782 1.4484 2.0302
0.3817 1.4612 2.0267
0.3852 1.4734 2.0233
0.3887 1.4855 2.0197
0.3922 1.4969 2.0162
0.3959 1.5082 2.0126
0.3994 1.5189 2.0091
0.4030 1.5294 2.0054
0.4066 1.5394 2.0019
0.4102 1.5491 1.9983
0.4137 1.5584 1.9947
0.4171 1.5674 1.9913
0.4206 1.5759 1.9878
0.4239 1.5838 1.9845
0.4272 1.5920 1.9813
0.4303 1.5996 1.9782
0.4335 1.6067 1.9749
0.4366 1.6133 1.9719
0.4396 1.6198 1.9689
0.4424 1.6257 1.9661
0.4451 1.6318 1.9633
0.4476 1.6374 1.9608
0.4501 1.6429 1.9584
0.4530 1.6494 1.9555
0.4558 1.6557 1.9527
0.4584 1.6615 1.9501
0.4609 1.6671 1.9475
0.4635 1.6721 1.9450
0.4657 1.6770 1.9427
0.4679 1.6819 1.9405
0.4702 1.6863 1.9383
0.4724 1.6904 1.9360
0.4741 1.6943 1.9343
0.4757 1.6981 1.9328
0.4771 1.7018 1.9314
0.4781 1.7059 1.9303
0.4789 1.7086 1.9295
0.4793 1.7100 1.9291
0.4793 1.7100 1.9291
0.4793 1.7100 1.9291
0.4793 1.7100 1.9291
0.4793 1.7100 1.9291
0.4793 1.7100 1.9291
0.4793 1.7100 1.9291
0.4793 1.7100 1.9291
0.4793 1.7100 1.9291
0.4793 1.7100 1.9291
0.4793 1.7100 1.9291
0.4793 1.7100 1.9291
0.4793 1.7100 1.9291
0.4793 1.7100 1.9291
0.4793 1.7100 1.9291
0.4793 1.7100 1.9291
0.4793 1.7100 1.9291
0.4793 1.7100 1.9291
0.4793 1.7100 1.9291
0.4793 1.7100 1.9291
0.4793 1.7100 1.9291
0.4793 1.7100 1.9291
0.4793 1.7100 1.9291
0.4793 1.7100 1.9291
0.4793 1.7100 1.9291
0.4793 1.7100 1.9291
0.4793 1.7100 1.9291
0.4793 1.7100 1.9291
0.4793 1.7100 1.9291
0.4793 1.7100 1.9291
0.4793 1.7100 1.9291
0.4793 1.7100 1.9291
0.4793 1.7100 1.9291
0.4793 1.7100 1.9291
0.4793 1.7100 1.9291
0.4793 1.7100 1.9291
0.4793 1.7100 1.9291
0.4793 1.7100 1.9291
0.4793 1.7100 1.9291
0.4793 1.7100 1.9291
0.4793 1.7100 1.9291
0.4793 1.7100 1.9291
0.4793 1.7100 1.9291
0.4793 1.7100 1.9291
0.4793 1.7100 1.9291
0.4793 1.7100 1.9291
0.4793 1.7100 1.9291
0.4793 1.7100 1.9291
0.4793 1.7100 1.9291
0.4793 1.7100 1.9291
0.4793 1.7100 1.9291
0.4793 1.7100 1.9291
0.4773 1.7142 1.9356
0.4752 1.7184 1.9420
0.4731 1.7227 1.9485
0.4711 1.7269 1.9549
0.4691 1.7309 1.9611
0.4677 1.7339 1.9655
0.4667 1.7360 1.9688
0.4659 1.7376 1.9713
0.4653 1.7389 1.9732
0.4600 1.7500 1.9900
0.4600 1.7500 1.9900
0.4600 1.7500 1.9900
0.4600 1.7500 1.9900
0.4600 1.7500 1.9900
0.4600 1.7500 1.9900
0.4600 1.7500 1.9900
0.4600 1.7500 1.9900
0.4600 1.7500 1.9900
0.4600 1.7500 1.9900
0.4600 1.7500 1.9900
0.4600 1.7500 1.9900
0.4600 1.7500 1.9900
0.4600 1.7500 1.9900
0.4600 1.7500 1.9900
0.4600 1.7500 1.9900
0.4600 1.7500 1.9900
0.4600 1.7500 1.9900
0.4600 1.7500 1.9900
0.4606 1.7500 1.9896
0.4609 1.7503 1.9893
0.4613 1.7506 1.9890
0.4617 1.7509 1.9886
0.4620 1.7513 1.9882
0.4624 1.7520 1.9879
0.4632 1.7527 1.9871
0.4639 1.7534 1.9864
0.4647 1.7545 1.9856
0.4655 1.7556 1.9849
0.4666 1.7568 1.9837
0.4678 1.7583 1.9826
0.4693 1.7599 1.9814
0.4709 1.7618 1.9798
0.4726 1.7638 1.9782
0.4743 1.7662 1.9762
0.4760 1.7686 1.9744
0.4781 1.7711 1.9724
0.4803 1.7737 1.9702
0.4828 1.7767 1.9677
0.4854 1.7801 1.9651
0.4884 1.7833 1.9621
0.4912 1.7869 1.9593
0.4943 1.7909 1.9562
0.4978 1.7946 1.9527
0.5015 1.7988 1.9491
0.5052 1.8034 1.9454
0.5093 1.8077 1.9413
0.5135 1.8125 1.9367
0.5177 1.8173 1.9325
0.5224 1.8223 1.9278
0.5272 1.8273 1.9230
0.5324 1.8328 1.9178
0.5377 1.8383 1.9124
0.5434 1.8439 1.9067
0.5492 1.8497 1.9009
0.5555 1.8554 1.8946
0.5619 1.8613 1.8882
0.5686 1.8673 1.8814
0.5756 1.8733 1.8745
0.5826 1.8797 1.8675
0.5900 1.8859 1.8600
0.5976 1.8921 1.8524
0.6053 1.8983 1.8447
0.6134 1.9046 1.8366
0.6220 1.9110 1.8280
0.6307 1.9174 1.8193
0.6395 1.9239 1.8105
0.6488 1.9300 1.8012
0.6582 1.9362 1.7918
0.6677 1.9424 1.7823
0.6776 1.9486 1.7723
0.6877 1.9546 1.7623
0.6982 1.9608 1.7517
0.7088 1.9667 1.7411
0.7196 1.9723 1.7303
0.7308 1.9776 1.7191
0.7424 1.9831 1.7075
0.7542 1.9883 1.6957
0.7664 1.9934 1.6835
0.7784 1.9982 1.6715
0.7909 2.0027 1.6590
0.8035 2.0070 1.6464
0.8165 2.0110 1.6334
0.8297 2.0149 1.6202
0.8430 2.0184 1.6070
0.8567 2.0215 1.5932
0.8705 2.0242 1.5794
0.8848 2.0268 1.5651
0.8989 2.0286 1.5510
0.9134 2.0302 1.5365
0.9284 2.0318 1.5215
0.9431 2.0329 1.5068
0.9580 2.0332 1.4919
0.9733 2.0334 1.4766
0.9887 2.0330 1.4613
1.0041 2.0322 1.4458
1.0197 2.0309 1.4302
1.0357 2.0291 1.4142
1.0518 2.0268 1.3981
1.0677 2.0239 1.3822
1.0840 2.0206 1.3659
1.1004 2.0167 1.3495
1.1168 2.0122 1.3331
1.1330 2.0072 1.3169
1.1496 2.0017 1.3003
1.1662 1.9956 1.2837
1.1826 1.9887 1.2673
1.1994 1.9811 1.2505
1.2159 1.9733 1.2340
1.2324 1.9646 1.2175
1.2490 1.9553 1.2009
1.2656 1.9454 1.1843
1.2822 1.9349 1.1677
1.2986 1.9238 1.1513
1.3146 1.9121 1.1353
1.3310 1.8994 1.1189
1.3470 1.8862 1.1029
1.3627 1.8726 1.0872
1.3784 1.8581 1.0715
1.3940 1.8430 1.0559
1.4093 1.8272 1.0406
1.4243 1.8105 1.0256
1.4391 1.7934 1.0108
1.4537 1.7758 0.9962
1.4681 1.7571 0.9818
1.4822 1.7379 0.9678
1.4958 1.7183 0.9541
1.5094 1.6980 0.9405
1.5222 1.6772 0.9277
1.5349 1.6557 0.9150
1.5475 1.6335 0.9024
1.5593 1.6111 0.8906
1.5710 1.5880 0.8789
1.5822 1.5640 0.8677
1.5930 1.5397 0.8569
1.6033 1.5147 0.8466
1.6131 1.4895 0.8368
1.6224 1.4640 0.8275
1.6312 1.4375 0.8187
1.6395 1.4108 0.8104
1.6473 1.3838 0.8026
1.6545 1.3566 0.7954
1.6613 1.3285 0.7886
1.6675 1.3001 0.7824
1.6731 1.2715 0.7768
1.6782 1.2427 0.7717
1.6828 1.2136 0.7675
1.6868 1.1840 0.7635
1.6898 1.1542 0.7604
1.6927 1.1245 0.7576
1.6946 1.0947 0.7557
1.6959 1.0647 0.7543
1.6967 1.0345 0.7536
1.6968 1.0042 0.7535
1.6963 0.9741 0.7540
1.6953 0.9439 0.7551
1.6936 0.9136 0.7567
1.6913 0.8832 0.7590
1.6881 0.8530 0.7623
1.6842 0.8231 0.7662
1.6801 0.7931 0.7703
1.6750 0.7632 0.7754
1.6692 0.7335 0.7809
1.6629 0.7041 0.7872
1.6559 0.6751 0.7942
1.6482 0.6464 0.8019
1.6400 0.6177 0.8101
1.6311 0.5894 0.8190
1.6215 0.5615 0.8286
1.6113 0.5340 0.8387
1.6009 0.5069 0.8492
1.5898 0.4802 0.8603
1.5780 0.4543 0.8720
1.5657 0.4289 0.8847
1.5527 0.4042 0.8977
1.5391 0.3797 0.9113
1.5248 0.3561 0.9255
1.5103 0.3329 0.9400
1.4952 0.3103 0.9551
1.4798 0.2886 0.9706
1.4638 0.2674 0.9866
1.4472 0.2468 1.0032
1.4303 0.2274 1.0201
1.4132 0.2087 1.0372
1.3955 0.1905 1.0549
1.3776 0.1733 1.0728
1.3591 0.1567 1.0913
1.3400 0.1411 1.1104
1.3208 0.1262 1.1297
1.3012 0.1122 1.1489
1.2818 0.0989 1.1683
1.2619 0.0867 1.1882
1.2418 0.0751 1.2083
1.2216 0.0648 1.2285
1.2011 0.0553 1.2490
1.1802 0.0468 1.2699
1.1594 0.0390 1.2906
1.1385 0.0323 1.3115
1.1175 0.0264 1.3325
1.0964 0.0211 1.3537
1.0751 0.0169 1.3749
1.0537 0.0135 1.3963
1.0323 0.0115 1.4177
1.0111 0.0102 1.4389
0.9898 0.0097 1.4602
0.9684 0.0099 1.4815
0.9470 0.0112 1.5029
0.9262 0.0133 1.5237
0.9054 0.0165 1.5446
0.8846 0.0204 1.5654
0.8637 0.0251 1.5862
0.8432 0.0305 1.6068
0.8230 0.0370 1.6270
0.8028 0.0443 1.6472
0.7826 0.0523 1.6673
0.7628 0.0613 1.6871
0.7434 0.0712 1.7065
0.7244 0.0817 1.7256
0.7057 0.0927 1.7442
0.6872 0.1044 1.7628
0.6690 0.1168 1.7809
0.6513 0.1303 1.7986
0.6340 0.1441 1.8159
0.6165 0.1586 1.8334
0.5995 0.1739 1.8505
0.5829 0.1895 1.8671
0.5667 0.2057 1.8832
0.5510 0.2227 1.8989
0.5355 0.2400 1.9145
0.5207 0.2579 1.9292
0.5064 0.2761 1.9435
0.4924 0.2950 1.9575
0.4788 0.3141 1.9711
0.4657 0.3336 1.9842
0.4528 0.3536 1.9971
0.4407 0.3739 2.0092
0.4288 0.3948 2.0211
0.4175 0.4156 2.0324
0.4063 0.4369 2.0436
0.3960 0.4585 2.0539
0.3858 0.4802 2.0641
0.3763 0.5022 2.0736
0.3672 0.5247 2.0827
0.3587 0.5470 2.0912
0.3508 0.5695 2.0992
0.3427 0.5921 2.1072
0.3351 0.6149 2.1148
0.3281 0.6374 2.1218
0.3217 0.6604 2.1282
0.3154 0.6836 2.1345
0.3097 0.7065 2.1402
0.3045 0.7295 2.1454
0.2998 0.7525 2.1501
0.2954 0.7756 2.1545
0.2915 0.7985 2.1584
0.2878 0.8214 2.1621
0.2846 0.8440 2.1653
0.2820 0.8667 2.1679
0.2796 0.8890 2.1703
0.2774 0.9113 2.1725
0.2756 0.9336 2.1743
0.2744 0.9556 2.1755
0.2734 0.9776 2.1765
0.2730 0.9995 2.1769
0.2727 1.0208 2.1772
0.2729 1.0420 2.1770
0.2734 1.0631 2.1765
0.2736 1.0839 2.1763
0.2744 1.1043 2.1755
0.2753 1.1245 2.1746
0.2768 1.1444 2.1731
0.2783 1.1642 2.1716
0.2804 1.1835 2.1695
0.2823 1.2028 2.1676
0.2846 1.2216 2.1653
0.2871 1.2400 2.1628
0.2897 1.2583 2.1602
0.2925 1.2761 2.1574
0.2957 1.2935 2.1542
0.2987 1.3104 2.1512
0.3021 1.3272 2.1478
0.3053 1.3438 2.1446
0.3089 1.3599 2.1410
0.3126 1.3759 2.1373
0.3164 1.3915 2.1335
0.3203 1.4065 2.1296
0.3243 1.4214 2.1256
0.3284 1.4359 2.1215
0.3325 1.4498 2.1174
0.3363 1.4652 2.1136
0.3401 1.4802 2.1098
0.3442 1.4951 2.1057
0.3482 1.5093 2.1017
0.3525 1.5233 2.0974
0.3567 1.5372 2.0932
0.3611 1.5509 2.0888
0.3653 1.5647 2.0846
0.3698 1.5777 2.0801
0.3741 1.5903 2.0758
0.3789 1.6026 2.0710
0.3832 1.6143 2.0667
0.3884 1.6254 2.0615
0.3928 1.6351 2.0571
0.4000 1.6399 2.0499
0.4000 1.6499 2.0499
0.4099 1.6599 2.0399
0.4099 1.6699 2.0399
0.4099 1.6699 2.0399
0.4199 1.6799 2.0299
0.4199 1.6900 2.0299
0.4300 1.6900 2.0199
0.4300 1.7000 2.0199
0.4300 1.7100 2.0199
0.4399 1.7100 2.0099
0.4399 1.7200 2.0099
0.4399 1.7200 2.0099
0.4499 1.7200 2.0000
0.4499 1.7300 2.0000
0.4499 1.7300 2.0000
0.4499 1.7300 2.0000
0.4499 1.7400 2.0000
0.4600 1.7400 1.9900
0.4600 1.7400 1.9900
0.4600 1.7400 1.9900
0.4600 1.7500 1.9900
0.4600 1.7500 1.9900
0.4600 1.7500 1.9900
0.4600 1.7500 1.9900
0.4600 1.7500 1.9900
0.4600 1.7500 1.9900
0.4600 1.7500 1.9900
0.4600 1.7500 1.9900
0.4600 1.7500 1.9900
0.4600 1.7500 1.9900
0.4600 1.7500 1.9900
0.4600 1.7500 1.9900
0.4600 1.7500 1.9900
0.4600 1.7500 1.9900
0.4600 1.7500 1.9900
0.4600 1.7500 1.9900
0.4600 1.7500 1.9900
0.4600 1.7500 1.9900
0.4600 1.7500 1.9900
0.4600 1.7500 1.9900
0.4600 1.7500 1.9900
0.4600 1.7500 1.9900
0.4600 1.7500 1.9900
0.4600 1.7500 1.9900
0.4600 1.7500 1.9900
0.4600 1.7500 1.9900
0.4600 1.7500 1.9900
0.4600 1.7500 1.9900
0.4600 1.7500 1.9900
0.4600 1.7500 1.9900
0.4600 1.7500 1.9900
0.4640 1.7500 1.9831
0.4687 1.7500 1.9752
0.4743 1.7500 1.9658
0.4809 1.7500 1.9546
0.4885 1.7500 1.9417
0.4972 1.7500 1.9271
0.5068 1.7500 1.9108
0.5173 1.7500 1.8931
0.5282 1.7500 1.8746
0.5394 1.7500 1.8557
0.5507 1.7500 1.8365
0.5619 1.7500 1.8177
0.5727 1.7500 1.7995
0.5829 1.7500 1.7822
0.5924 1.7500 1.7662
0.6013 1.7500 1.7511
0.6102 1.7500 1.7361
0.6191 1.7500 1.7210
0.6280 1.7500 1.7060
0.6368 1.7500 1.6912
0.6453 1.7500 1.6767
0.6536 1.7500 1.6627
0.6640 1.7500 1.6452
0.6744 1.7500 1.6276
0.6848 1.7500 1.6101
0.6948 1.7500 1.5931
0.7043 1.7500 1.5771
0.7130 1.7500 1.5624
0.7209 1.7500 1.5491
0.7277 1.7500 1.5375
0.7335 1.7500 1.5277
0.7383 1.7500 1.5197
0.7422 1.7500 1.5131
0.7456 1.7500 1.5073
0.7485 1.7500 1.5023
0.7500 1.7500 1.5000
0.7500 1.7500 1.5000
0.7500 1.7500 1.5000
0.7500 1.7500 1.5000
0.7500 1.7500 1.5000
0.7500 1.7500 1.5000
0.7500 1.7500 1.5000
0.7500 1.7500 1.5000
0.7500 1.7500 1.5000
0.7500 1.7500 1.5000
0.7500 1.7500 1.5000
0.7500 1.7500 1.5000
0.7500 1.7500 1.5000
0.7500 1.7500 1.5000
0.7500 1.7500 1.5000
0.7500 1.7500 1.5000
0.7500 1.7500 1.5003
0.7500 1.7500 1.5006
0.7500 1.7500 1.5009
0.7500 1.7500 1.5013
0.7500 1.7500 1.5017
0.7500 1.7500 1.5020
0.7500 1.7500 1.5028
0.7500 1.7500 1.5035
0.7500 1.7500 1.5043
0.7500 1.7500 1.5054
0.7500 1.7500 1.5065
0.7500 1.7500 1.5077
0.7500 1.7500 1.5092
0.7500 1.7500 1.5108
0.7500 1.7500 1.5125
0.7500 1.7500 1.5145
0.7500 1.7500 1.5162
0.7500 1.7500 1.5183
0.7500 1.7500 1.5205
0.7500 1.7500 1.5231
0.7503 1.7500 1.5257
0.7506 1.7500 1.5287
0.7509 1.7500 1.5315
0.7513 1.7500 1.5346
0.7517 1.7500 1.5379
0.7520 1.7500 1.5412
0.7524 1.7500 1.5446
0.7528 1.7500 1.5483
0.7533 1.7500 1.5522
0.7540 1.7500 1.5561
0.7548 1.7500 1.5604
0.7556 1.7500 1.5648
0.7564 1.7500 1.5693
0.7573 1.7500 1.5738
0.7585 1.7500 1.5788
0.7597 1.7500 1.5835
0.7607 1.7500 1.5885
0.7616 1.7500 1.5937
0.7629 1.7500 1.5993
0.7643 1.7500 1.6046
0.7657 1.7500 1.6103
0.7674 1.7500 1.6160
0.7692 1.7500 1.6222
0.7710 1.7500 1.6281
0.7732 1.7500 1.6341
0.7751 1.7500 1.6405
0.7773 1.7500 1.6470
0.7797 1.7500 1.6535
0.7823 1.7500 1.6601
0.7851 1.7500 1.6668
0.7879 1.7500 1.6735
0.7907 1.7500 1.6806
0.7940 1.7500 1.6877
0.7973 1.7500 1.6946
0.8006 1.7500 1.7016
0.8044 1.7500 1.7089
0.8082 1.7500 1.7163
0.8121 1.7500 1.7237
0.8164 1.7500 1.7308
0.8208 1.7500 1.7384
0.8252 1.7500 1.7459
0.8300 1.7500 1.7535
0.8350 1.7500 1.7608
0.8403 1.7500 1.7681
0.8454 1.7500 1.7758
0.8509 1.7500 1.7835
0.8565 1.7500 1.7910
0.8625 1.7500 1.7984
0.8685 1.7500 1.8058
0.8750 1.7500 1.8133
0.8816 1.7500 1.8208
0.8883 1.7500 1.8279
0.8954 1.7500 1.8351
0.9026 1.7500 1.8422
0.9102 1.7500 1.8493
0.9183 1.7500 1.8565
0.9264 1.7500 1.8633
0.9347 1.7500 1.8700
0.9431 1.7500 1.8768
0.9516 1.7500 1.8832
0.9608 1.7500 1.8896
0.9702 1.7500 1.8956
0.9796 1.7500 1.9018
0.9892 1.7500 1.9077
0.9992 1.7500 1.9133
1.0094 1.7500 1.9188
1.0196 1.7500 1.9242
1.0303 1.7500 1.9296
1.0411 1.7500 1.9345
1.0520 1.7500 1.9391
1.0631 1.7500 1.9437
1.0742 1.7500 1.9478
1.0857 1.7500 1.9518
1.0974 1.7500 1.9554
1.1091 1.7500 1.9589
1.1213 1.7500 1.9623
1.1332 1.7500 1.9650
1.1456 1.7500 1.9675
1.1581 1.7500 1.9696
1.1706 1.7500 1.9716
1.1832 1.7500 1.9732
1.1959 1.7500 1.9746
1.2087 1.7500 1.9756
1.2216 1.7500 1.9761
1.2345 1.7500 1.9765
1.2478 1.7500 1.9764
1.2608 1.7500 1.9759
1.2740 1.7500 1.9751
1.2871 1.7500 1.9740
1.3003 1.7500 1.9723
1.3136 1.7500 1.9705
1.3266 1.7500 1.9682
1.3399 1.7500 1.9657
1.3530 1.7500 1.9627
1.3660 1.7500 1.9593
1.3791 1.7500 1.9553
1.3919 1.7500 1.9512
1.4050 1.7500 1.9466
1.4181 1.7500 1.9414
1.4309 1.7500 1.9361
1.4437 1.7500 1.9303
1.4561 1.7500 1.9243
1.4685 1.7500 1.9178
1.4809 1.7500 1.9108
1.4927 1.7500 1.9036
1.5044 1.7500 1.8962
1.5160 1.7500 1.8880
1.5276 1.7500 1.8796
1.5388 1.7500 1.8711
1.5496 1.7500 1.8620
1.5604 1.7500 1.8527
1.5711 1.7500 1.8429
1.5814 1.7500 1.8330
1.5913 1.7500 1.8226
1.6007 1.7500 1.8119
1.6098 1.7500 1.8008
1.6187 1.7500 1.7896
1.6271 1.7500 1.7778
1.6351 1.7500 1.7662
1.6430 1.7500 1.7541
1.6508 1.7500 1.7419
1.6581 1.7500 1.7291
1.6649 1.7500 1.7166
1.6713 1.7500 1.7036
1.6772 1.7500 1.6901
1.6829 1.7500 1.6768
1.6881 1.7500 1.6631
1.6929 1.7500 1.6496
1.6971 1.7500 1.6356
1.7009 1.7500 1.6218
1.7044 1.7500 1.6076
1.7075 1.7500 1.5936
1.7100 1.7500 1.5793
1.7124 1.7500 1.5651
1.7142 1.7500 1.5506
1.7155 1.7500 1.5362
1.7163 1.7500 1.5215
1.7166 1.7500 1.5071
1.7167 1.7500 1.4923
1.7162 1.7500 1.4777
1.7152 1.7500 1.4635
1.7137 1.7500 1.4488
1.7116 1.7500 1.4345
1.7093 1.7500 1.4201
1.7068 1.7500 1.4061
1.7037 1.7500 1.3917
1.7002 1.7500 1.3777
1.6964 1.7500 1.3636
1.6921 1.7500 1.3499
1.6872 1.7500 1.3361
1.6818 1.7500 1.3228
1.6759 1.7500 1.3094
1.6698 1.7500 1.2965
1.6634 1.7500 1.2835
1.6565 1.7500 1.2710
1.6491 1.7500 1.2585
1.6415 1.7500 1.2461
1.6337 1.7500 1.2344
1.6257 1.7500 1.2228
1.6169 1.7500 1.2113
1.6078 1.7500 1.2001
1.5986 1.7500 1.1895
1.5889 1.7500 1.1789
1.5790 1.7500 1.1687
1.5685 1.7500 1.1587
1.5579 1.7500 1.1491
1.5475 1.7500 1.1399
1.5366 1.7500 1.1309
1.5255 1.7500 1.1223
1.5143 1.7500 1.1142
1.5026 1.7500 1.1066
1.4911 1.7500 1.0991
1.4792 1.7500 1.0921
1.4671 1.7500 1.0853
1.4549 1.7500 1.0789
1.4425 1.7500 1.0730
1.4301 1.7500 1.0673
1.4173 1.7500 1.0621
1.4046 1.7500 1.0573
1.3919 1.7500 1.0528
1.3791 1.7500 1.0487
1.3662 1.7500 1.0452
1.3533 1.7500 1.0418
1.3403 1.7500 1.0389
1.3272 1.7500 1.0362
1.3141 1.7500 1.0340
1.3012 1.7500 1.0320
1.2880 1.7500 1.0308
1.2751 1.7500 1.0298
1.2621 1.7500 1.0290
1.2491 1.7500 1.0286
1.2364 1.7500 1.0285
1.2237 1.7500 1.0289
1.2110 1.7500 1.0294
1.1983 1.7500 1.0304
1.1856 1.7500 1.0320
1.1733 1.7500 1.0337
1.1609 1.7500 1.0356
1.1486 1.7500 1.0376
1.1366 1.7500 1.0402
1.1246 1.7500 1.0432
1.1127 1.7500 1.0461
1.1008 1.7500 1.0495
1.0896 1.7500 1.0530
1.0785 1.7500 1.0569
1.0674 1.7500 1.0611
1.0564 1.7500 1.0653
1.0454 1.7500 1.0701
1.0348 1.7500 1.0749
1.0246 1.7500 1.0800
1.0145 1.7500 1.0851
1.0048 1.7500 1.0904
0.9951 1.7500 1.0961
0.9856 1.7500 1.1019
0.9765 1.7500 1.1078
0.9674 1.7500 1.1139
0.9588 1.7500 1.1200
0.9503 1.7500 1.1266
0.9422 1.7500 1.1333
0.9339 1.7500 1.1398
0.9260 1.7500 1.1463
0.9182 1.7500 1.1532
0.9109 1.7500 1.1603
0.9036 1.7500 1.1674
0.8965 1.7500 1.1742
0.8898 1.7500 1.1815
0.8832 1.7500 1.1888
0.8767 1.7500 1.1961
0.8706 1.7500 1.2032
0.8646 1.7500 1.2104
0.8588 1.7500 1.2179
0.8533 1.7500 1.2254
0.8480 1.7500 1.2327
0.8428 1.7500 1.2400
0.8376 1.7500 1.2473
0.8329 1.7500 1.2546
0.8283 1.7500 1.2620
0.8241 1.7500 1.2694
0.8197 1.7500 1.2765
0.8157 1.7500 1.2835
0.8118 1.7500 1.2909
0.8080 1.7500 1.2980
0.8046 1.7500 1.3051
0.8013 1.7500 1.3118
0.7981 1.7500 1.3189
0.7953 1.7500 1.3256
0.7926 1.7500 1.3323
0.7897 1.7500 1.3386
0.7862 1.7500 1.3456
0.7831 1.7500 1.3525
0.7802 1.7500 1.3591
0.7774 1.7500 1.3660
0.7747 1.7500 1.3726
0.7719 1.7500 1.3790
0.7697 1.7500 1.3856
0.7675 1.7500 1.3920
0.7655 1.7500 1.3980
0.7635 1.7500 1.4043
0.7618 1.7500 1.4100
0.7601 1.7500 1.4160
0.7583 1.7500 1.4212
0.7561 1.7500 1.4270
0.7500 1.7500 1.4299
0.7500 1.7500 1.4400
0.7500 1.7500 1.4400
0.7500 1.7500 1.4500
0.7500 1.7500 1.4500
0.7500 1.7500 1.4600
0.7500 1.7500 1.4600
0.7500 1.7500 1.4600
0.7500 1.7500 1.4700
0.7500 1.7500 1.4700
0.7500 1.7500 1.4700
0.7500 1.7500 1.4800
0.7500 1.7500 1.4800
0.7500 1.7500 1.4800
0.7500 1.7500 1.4900
0.7500 1.7500 1.4900
0.7500 1.7500 1.4900
0.7500 1.7500 1.4900
0.7500 1.7500 1.4900
0.7500 1.7500 1.4900
0.7500 1.7500 1.5000
0.7500 1.7500 1.5000
0.7500 1.7500 1.5000
0.7500 1.7500 1.5000
0.7500 1.7500 1.5000
0.7500 1.7500 1.5000
0.7500 1.7500 1.5000
0.7500 1.7500 1.5000
0.7500 1.7500 1.5000
0.7500 1.7500 1.5000
0.7500 1.7500 1.5000
0.7500 1.7500 1.5000
0.7500 1.7500 1.5000
0.7500 1.7500 1.5000
0.7500 1.7500 1.5000
0.7500 1.7500 1.5000
0.7500 1.7500 1.5000
0.7500 1.7500 1.5000
0.7500 1.7500 1.5000
0.7500 1.7500 1.5000
0.7500 1.7500 1.5000
0.7500 1.7500 1.5000
0.7500 1.7500 1.5000
0.7500 1.7500 1.5000
0.7500 1.7500 1.5000
0.7500 1.7500 1.5000
0.7500 1.7500 1.5000
0.7500 1.7500 1.5000
0.7500 1.7500 1.5000
0.7500 1.7500 1.5000
0.7500 1.7500 1.5000
0.7500 1.7500 1.5000
0.7500 1.7500 1.4900
0.7500 1.7500 1.4800
0.7500 1.7500 1.4700
0.7500 1.7500 1.4600
0.7500 1.7500 1.4500
0.7500 1.7500 1.4400
0.7500 1.7500 1.4299
0.7500 1.7500 1.4199
0.7500 1.7500 1.4099
0.7500 1.7500 1.3999
0.7500 1.7500 1.3899
0.7500 1.7500 1.3799
0.7500 1.7500 1.3700
0.7500 1.7500 1.3600
0.7500 1.7500 1.3500
0.7500 1.7500 1.3400
0.7500 1.7500 1.3300
0.7500 1.7500 1.3200
0.7500 1.7500 1.3099
0.7500 1.7500 1.2999
0.7500 1.7500 1.2899
0.7500 1.7500 1.2799
0.7500 1.7500 1.2699
0.7500 1.7500 1.2599
0.7500 1.7500 1.2500
0.7500 1.7500 1.2400
0.7500 1.7500 1.2300
0.7500 1.7500 1.2200
0.7500 1.7500 1.2100
0.7500 1.7500 1.2000
0.7500 1.7500 1.1900
0.7500 1.7500 1.1799
0.7500 1.7500 1.1699
0.7500 1.7500 1.1599
0.7500 1.7500 1.1499
0.7500 1.7500 1.1399
0.7500 1.7500 1.1299
0.7500 1.7500 1.1200
0.7500 1.7500 1.1100
0.7500 1.7500 1.1000
0.7500 1.7500 1.0900
0.7500 1.7500 1.0800
0.7500 1.7500 1.0700
0.7500 1.7500 1.0599
0.7500 1.7500 1.0499
0.7500 1.7500 1.0399
0.7500 1.7500 1.0299
0.7500 1.7500 1.0199
0.7500 1.7500 1.0099
0.7500 1.7500 1.0000
0.7500 1.7500 0.9900
0.7500 1.7500 0.9800
0.7500 1.7500 0.9700
0.7500 1.7500 0.9599
0.7500 1.7500 0.9499
0.7500 1.7500 0.9399
0.7500 1.7500 0.9300
0.7500 1.7500 0.9200
0.7500 1.7500 0.9100
0.7500 1.7500 0.8999
0.7500 1.7500 0.8899
0.7500 1.7500 0.8799
0.7500 1.7500 0.8700
0.7500 1.7500 0.8600
0.7500 1.7500 0.8500
0.7500 1.7500 0.8399
0.7500 1.7500 0.8299
0.7500 1.7500 0.8199
0.7500 1.7500 0.8100
0.7500 1.7500 0.8000
0.7500 1.7500 0.7900
0.7500 1.7500 0.7799
0.7500 1.7500 0.7699
0.7500 1.7500 0.7599
0.7500 1.7500 0.7500
0.7500 1.7500 0.7400
0.7500 1.7500 0.7300
0.7500 1.7500 0.7200
0.7500 1.7500 0.7099
0.7500 1.7500 0.6999
0.7500 1.7500 0.6899
0.7500 1.7500 0.6800
0.7500 1.7500 0.6700
0.7500 1.7500 0.6600
0.7500 1.7500 0.6499
0.7500 1.7500 0.6399
0.7500 1.7500 0.6299
0.7500 1.7500 0.6200
0.7500 1.7500 0.6100
0.7500 1.7500 0.6000
0.7500 1.7500 0.5899
0.7500 1.7500 0.5799
0.7500 1.7500 0.5699
0.7500 1.7500 0.5600
0.7500 1.7500 0.5500
0.7500 1.7500 0.5400
0.7500 1.7500 0.5299
0.7500 1.7500 0.5199
0.7500 1.7500 0.5099
0.7500 1.7500 0.5000
0.7500 1.7500 0.4900
0.7500 1.7500 0.4799
0.7500 1.7500 0.4699
0.7500 1.7500 0.4600
0.7500 1.7500 0.4499
0.7500 1.7500 0.4399
0.7500 1.7500 0.4300
0.7500 1.7500 0.4199
0.7500 1.7500 0.4099
0.7500 1.7500 0.4000
0.7500 1.7500 0.3899
0.7500 1.7500 0.3799
0.7500 1.7500 0.3700
0.7500 1.7500 0.3600
0.7500 1.7500 0.3499
0.7500 1.7500 0.3400
0.7500 1.7500 0.3300
0.7500 1.7500 0.3199
0.7500 1.7500 0.3100
0.7500 1.7500 0.3000
0.7500 1.7500 0.2899
0.7500 1.7500 0.2800
0.7500 1.7500 0.2700
0.7500 1.7500 0.2599
0.7500 1.7500 0.2500
0.7500 1.7500 0.2399
0.7500 1.7500 0.2300
0.7500 1.7500 0.2199
0.7500 1.7500 0.2099
0.7500 1.7500 0.2000
0.7500 1.7500 0.1899
0.7500 1.7500 0.1800
0.7500 1.7500 0.1700
0.7500 1.7500 0.1599
0.7500 1.7500 0.1500
0.7500 1.7500 0.1403
0.7500 1.7500 0.1303
0.7500 1.7500 0.1203
0.7500 1.7500 0.1103
0.7500 1.7500 0.1004
0.7500 1.7500 0.0904
0.7500 1.7500 0.0805
0.7500 1.7500 0.0705
0.7500 1.7500 0.0606
0.7500 1.7500 0.0507
0.7500 1.7500 0.0409
0.7500 1.7500 0.0311
0.7500 1.7500 0.0214
0.7500 1.7500 0.0120
0.7500 1.7500 0.0033
