1.7500 0.2500 1.0087
1.7500 0.2500 1.0467
1.7500 0.2500 1.0833
1.7500 0.2500 1.1285
1.7500 0.2500 1.1735
1.7500 0.2500 1.2176
1.7500 0.2500 1.2596
1.7500 0.2500 1.2984
1.7500 0.2500 1.3339
1.7500 0.2500 1.3662
1.7500 0.2500 1.3950
1.7500 0.2500 1.4206
1.7500 0.2500 1.4428
1.7500 0.2500 1.4616
1.7500 0.2500 1.4769
1.7500 0.2500 1.4888
1.7500 0.2500 1.4971
1.7500 0.2500 1.5000
1.7500 0.2500 1.5000
1.7466 0.2505 1.4927
1.7427 0.2510 1.4842
1.7379 0.2518 1.4739
1.7322 0.2526 1.4616
1.7256 0.2536 1.4474
1.7181 0.2547 1.4313
1.7097 0.2560 1.4132
1.7006 0.2574 1.3935
1.6910 0.2588 1.3728
1.6811 0.2603 1.3514
1.6709 0.2618 1.3295
1.6608 0.2633 1.3077
1.6510 0.2648 1.2865
1.6415 0.2662 1.2661
1.6327 0.2675 1.2471
1.6246 0.2688 1.2296
1.6165 0.2700 1.2121
1.6083 0.2712 1.1946
1.6002 0.2724 1.1771
1.5922 0.2736 1.1597
1.5843 0.2748 1.1426
1.5765 0.2760 1.1260
1.5690 0.2771 1.1098
1.5597 0.2785 1.0896
1.5503 0.2799 1.0693
1.5410 0.2813 1.0493
1.5320 0.2826 1.0300
1.5236 0.2839 1.0118
1.5158 0.2851 0.9950
1.5088 0.2861 0.9798
1.5027 0.2870 0.9668
1.4976 0.2878 0.9558
1.4935 0.2884 0.9469
1.4900 0.2890 0.9393
1.4870 0.2894 0.9330
1.4846 0.2898 0.9277
1.4833 0.2900 0.9250
1.4833 0.2900 0.9250
1.4833 0.2900 0.9250
1.4833 0.2900 0.9250
1.4833 0.2900 0.9250
1.4833 0.2900 0.9250
1.4833 0.2900 0.9250
1.4833 0.2900 0.9250
1.4833 0.2900 0.9250
1.4833 0.2900 0.9250
1.4833 0.2900 0.9250
1.4833 0.2900 0.9250
1.4833 0.2900 0.9250
1.4833 0.2900 0.9250
1.4833 0.2900 0.9250
1.4833 0.2900 0.9250
1.4833 0.2900 0.9250
1.4833 0.2900 0.9250
1.4833 0.2900 0.9250
1.4833 0.2900 0.9250
1.4833 0.2900 0.9250
1.4833 0.2900 0.9250
1.4833 0.2900 0.9250
1.4833 0.2900 0.9250
1.4833 0.2900 0.9250
1.4833 0.2900 0.9250
1.4833 0.2900 0.9251
1.4832 0.2899 0.9251
1.4832 0.2899 0.9251
1.4831 0.2899 0.9252
1.4830 0.2898 0.9253
1.4829 0.2898 0.9254
1.4828 0.2897 0.9255
1.4826 0.2896 0.9257
1.4824 0.2894 0.9259
1.4822 0.2892 0.9262
1.4819 0.2889 0.9265
1.4815 0.2886 0.9268
1.4811 0.2882 0.9272
1.4806 0.2878 0.9277
1.4801 0.2872 0.9283
1.4794 0.2866 0.9289
1.4788 0.2858 0.9296
1.4780 0.2850 0.9303
1.4771 0.2840 0.9312
1.4761 0.2829 0.9322
1.4751 0.2817 0.9333
1.4739 0.2804 0.9344
1.4726 0.2789 0.9357
1.4712 0.2773 0.9372
1.4696 0.2755 0.9387
1.4680 0.2735 0.9404
1.4662 0.2715 0.9422
1.4642 0.2692 0.9441
1.4622 0.2668 0.9462
1.4599 0.2643 0.9484
1.4576 0.2616 0.9508
1.4550 0.2588 0.9533
1.4523 0.2558 0.9560
1.4494 0.2526 0.9589
1.4464 0.2493 0.9619
1.4432 0.2459 0.9651
1.4398 0.2423 0.9685
1.4363 0.2385 0.9721
1.4325 0.2346 0.9758
1.4286 0.2306 0.9797
1.4245 0.2264 0.9839
1.4202 0.2222 0.9882
1.4157 0.2177 0.9927
1.4110 0.2132 0.9974
1.4060 0.2086 1.0023
1.4009 0.2039 1.0074
1.3956 0.1991 1.0127
1.3901 0.1942 1.0183
1.3843 0.1892 1.0240
1.3784 0.1841 1.0300
1.3722 0.1790 1.0362
1.3658 0.1739 1.0426
1.3591 0.1687 1.0492
1.3523 0.1634 1.0561
1.3452 0.1581 1.0631
1.3379 0.1529 1.0705
1.3304 0.1476 1.0780
1.3226 0.1423 1.0858
1.3146 0.1371 1.0938
1.3063 0.1318 1.1020
1.2979 0.1266 1.1105
1.2891 0.1215 1.1192
1.2802 0.1164 1.1281
1.2710 0.1114 1.1373
1.2616 0.1065 1.1467
1.2520 0.1017 1.1564
1.2421 0.0970 1.1663
1.2320 0.0924 1.1764
1.2217 0.0880 1.1867
1.2111 0.0838 1.1973
1.2003 0.0797 1.2080
1.1893 0.0758 1.2190
1.1781 0.0720 1.2303
1.1667 0.0686 1.2417
1.1550 0.0653 1.2533
1.1432 0.0623 1.2652
1.1311 0.0595 1.2773
1.1188 0.0571 1.2896
1.1064 0.0549 1.3020
1.0937 0.0530 1.3147
1.0809 0.0515 1.3275
1.0679 0.0502 1.3405
1.0547 0.0493 1.3537
1.0413 0.0488 1.3670
1.0278 0.0487 1.3805
1.0142 0.0489 1.3942
1.0004 0.0495 1.4080
0.9865 0.0505 1.4219
0.9724 0.0520 1.4360
0.9582 0.0539 1.4502
0.9439 0.0562 1.4645
0.9295 0.0590 1.4789
0.9151 0.0622 1.4933
0.9005 0.0659 1.5079
0.8858 0.0700 1.5226
0.8711 0.0747 1.5373
0.8564 0.0798 1.5520
0.8416 0.0855 1.5668
0.8268 0.0917 1.5816
0.8120 0.0984 1.5964
0.7972 0.1056 1.6112
0.7824 0.1134 1.6261
0.7676 0.1217 1.6408
0.7528 0.1306 1.6556
0.7382 0.1400 1.6703
0.7235 0.1500 1.6849
0.7090 0.1605 1.6994
0.6946 0.1716 1.7139
0.6802 0.1833 1.7282
0.6660 0.1956 1.7424
0.6520 0.2084 1.7564
0.6381 0.2218 1.7704
0.6244 0.2357 1.7841
0.6108 0.2503 1.7976
0.5975 0.2654 1.8110
0.5843 0.2810 1.8241
0.5714 0.2972 1.8370
0.5588 0.3140 1.8497
0.5464 0.3313 1.8621
0.5342 0.3492 1.8742
0.5224 0.3675 1.8861
0.5108 0.3864 1.8976
0.4996 0.4058 1.9088
0.4887 0.4258 1.9197
0.4782 0.4462 1.9303
0.4680 0.4670 1.9405
0.4582 0.4884 1.9503
0.4487 0.5102 1.9597
0.4397 0.5324 1.9688
0.4311 0.5550 1.9774
0.4228 0.5781 1.9856
0.4151 0.6015 1.9934
0.4077 0.6252 2.0007
0.4009 0.6493 2.0076
0.3945 0.6738 2.0140
0.3886 0.6985 2.0199
0.3831 0.7236 2.0253
0.3782 0.7489 2.0302
0.3738 0.7744 2.0347
0.3699 0.8002 2.0386
0.3665 0.8261 2.0419
0.3637 0.8523 2.0448
0.3614 0.8786 2.0471
0.3596 0.9050 2.0489
0.3584 0.9315 2.0501
0.3577 0.9582 2.0507
0.3576 0.9848 2.0508
0.3581 1.0116 2.0504
0.3591 1.0383 2.0494
0.3607 1.0650 2.0478
0.3628 1.0917 2.0456
0.3655 1.1183 2.0429
0.3688 1.1448 2.0396
0.3727 1.1712 2.0358
0.3771 1.1974 2.0314
0.3820 1.2235 2.0264
0.3875 1.2494 2.0209
0.3936 1.2750 2.0148
0.4002 1.3004 2.0082
0.4074 1.3255 2.0011
0.4151 1.3504 1.9933
0.4233 1.3749 1.9851
0.4321 1.3990 1.9764
0.4414 1.4228 1.9671
0.4512 1.4461 1.9573
0.4614 1.4691 1.9470
0.4722 1.4916 1.9362
0.4835 1.5136 1.9250
0.4952 1.5352 1.9133
0.5073 1.5562 1.9011
0.5200 1.5767 1.8885
0.5330 1.5966 1.8754
0.5465 1.6160 1.8620
0.5603 1.6348 1.8481
0.5746 1.6530 1.8339
0.5892 1.6705 1.8193
0.6041 1.6874 1.8043
0.6195 1.7036 1.7890
0.6351 1.7191 1.7733
0.6511 1.7340 1.7574
0.6673 1.7482 1.7411
0.6838 1.7616 1.7246
0.7006 1.7743 1.7078
0.7177 1.7863 1.6908
0.7349 1.7975 1.6735
0.7524 1.8080 1.6560
0.7701 1.8176 1.6383
0.7880 1.8266 1.6205
0.8060 1.8347 1.6024
0.8241 1.8421 1.5843
0.8424 1.8487 1.5660
0.8608 1.8545 1.5476
0.8793 1.8595 1.5291
0.8979 1.8637 1.5105
0.9165 1.8671 1.4919
0.9351 1.8698 1.4733
0.9537 1.8717 1.4547
0.9724 1.8727 1.4360
0.9910 1.8730 1.4174
1.0096 1.8726 1.3988
1.0281 1.8713 1.3803
1.0465 1.8694 1.3619
1.0649 1.8666 1.3435
1.0831 1.8632 1.3252
1.1013 1.8590 1.3071
1.1193 1.8541 1.2891
1.1371 1.8484 1.2713
1.1547 1.8421 1.2537
1.1722 1.8351 1.2362
1.1895 1.8274 1.2189
1.2065 1.8190 1.2019
1.2233 1.8100 1.1851
1.2399 1.8003 1.1685
1.2562 1.7901 1.1521
1.2723 1.7792 1.1361
1.2881 1.7677 1.1203
1.3036 1.7557 1.1048
1.3188 1.7431 1.0896
1.3336 1.7299 1.0747
1.3482 1.7163 1.0601
1.3625 1.7021 1.0459
1.3764 1.6875 1.0320
1.3900 1.6724 1.0184
1.4032 1.6568 1.0051
1.4161 1.6409 0.9923
1.4286 1.6245 0.9797
1.4408 1.6078 0.9675
1.4526 1.5907 0.9557
1.4641 1.5733 0.9443
1.4751 1.5555 0.9332
1.4858 1.5374 0.9225
1.4961 1.5191 0.9122
1.5061 1.5005 0.9022
1.5156 1.4817 0.8927
1.5248 1.4626 0.8835
1.5336 1.4434 0.8747
1.5420 1.4240 0.8663
1.5500 1.4044 0.8583
1.5577 1.3846 0.8506
1.5649 1.3648 0.8434
1.5718 1.3448 0.8365
1.5783 1.3247 0.8300
1.5844 1.3046 0.8239
1.5902 1.2844 0.8182
1.5955 1.2642 0.8128
1.6005 1.2440 0.8078
1.6052 1.2237 0.8031
1.6095 1.2035 0.7989
1.6134 1.1833 0.7949
1.6170 1.1632 0.7913
1.6203 1.1431 0.7881
1.6232 1.1231 0.7851
1.6258 1.1031 0.7825
1.6281 1.0833 0.7803
1.6300 1.0636 0.7783
1.6317 1.0441 0.7766
1.6331 1.0246 0.7752
1.6342 1.0054 0.7742
1.6350 0.9863 0.7733
1.6355 0.9674 0.7728
1.6358 0.9486 0.7725
1.6358 0.9301 0.7725
1.6356 0.9117 0.7727
1.6352 0.8936 0.7731
1.6345 0.8757 0.7738
1.6336 0.8581 0.7747
1.6325 0.8407 0.7758
1.6312 0.8235 0.7771
1.6298 0.8065 0.7786
1.6281 0.7898 0.7802
1.6263 0.7732 0.7820
1.6244 0.7569 0.7840
1.6223 0.7408 0.7861
1.6200 0.7249 0.7883
1.6176 0.7093 0.7907
1.6151 0.6938 0.7932
1.6125 0.6786 0.7958
1.6097 0.6635 0.7986
1.6069 0.6487 0.8014
1.6039 0.6340 0.8044
1.6009 0.6196 0.8074
1.5977 0.6053 0.8106
1.5944 0.5913 0.8139
1.5912 0.5778 0.8172
1.5878 0.5645 0.8206
1.5844 0.5515 0.8239
1.5809 0.5387 0.8274
1.5775 0.5265 0.8309
1.5739 0.5144 0.8344
1.5704 0.5030 0.8379
1.5668 0.4917 0.8415
1.5633 0.4810 0.8451
1.5596 0.4705 0.8487
1.5561 0.4605 0.8522
1.5524 0.4508 0.8559
1.5489 0.4415 0.8594
1.5455 0.4325 0.8628
1.5420 0.4240 0.8663
1.5387 0.4161 0.8696
1.5354 0.4079 0.8729
1.5324 0.4003 0.8759
1.5291 0.3932 0.8792
1.5261 0.3866 0.8823
1.5230 0.3801 0.8853
1.5203 0.3742 0.8881
1.5175 0.3681 0.8908
1.5150 0.3625 0.8933
1.5125 0.3570 0.8958
1.5097 0.3505 0.8986
1.5068 0.3442 0.9015
1.5043 0.3384 0.9041
1.5017 0.3328 0.9066
1.4991 0.3278 0.9092
1.4969 0.3229 0.9114
1.4947 0.3180 0.9136
1.4925 0.3136 0.9159
1.4902 0.3095 0.9181
1.4885 0.3056 0.9198
1.4870 0.3018 0.9214
1.4856 0.2981 0.9228
1.4845 0.2940 0.9238
1.4837 0.2913 0.9246
1.4833 0.2900 0.9250
1.4833 0.2900 0.9250
1.4833 0.2900 0.9250
1.4833 0.2900 0.9250
1.4833 0.2900 0.9250
1.4833 0.2900 0.9250
1.4833 0.2900 0.9250
1.4833 0.2900 0.9250
1.4833 0.2900 0.9250
1.4833 0.2900 0.9250
1.4833 0.2900 0.9250
1.4833 0.2900 0.9250
1.4833 0.2900 0.9250
1.4833 0.2900 0.9250
1.4833 0.2900 0.9250
1.4833 0.2900 0.9250
1.4833 0.2900 0.9250
1.4833 0.2900 0.9250
1.4833 0.2900 0.9250
1.4833 0.2900 0.9250
1.4833 0.2900 0.9250
1.4833 0.2900 0.9250
1.4833 0.2900 0.9250
1.4833 0.2900 0.9250
1.4833 0.2900 0.9250
1.4833 0.2900 0.9250
1.4833 0.2900 0.9250
1.4833 0.2900 0.9250
1.4833 0.2900 0.9250
1.4833 0.2900 0.9250
1.4833 0.2900 0.9250
1.4833 0.2900 0.9250
1.4833 0.2900 0.9250
1.4833 0.2900 0.9250
1.4833 0.2900 0.9250
1.4833 0.2900 0.9250
1.4833 0.2900 0.9250
1.4833 0.2900 0.9250
1.4833 0.2900 0.9250
1.4833 0.2900 0.9250
1.4833 0.2900 0.9250
1.4833 0.2900 0.9250
1.4833 0.2900 0.9250
1.4833 0.2900 0.9250
1.4833 0.2900 0.9250
1.4833 0.2900 0.9250
1.4833 0.2900 0.9250
1.4833 0.2900 0.9250
1.4833 0.2900 0.9250
1.4833 0.2900 0.9250
1.4833 0.2900 0.9250
1.4833 0.2900 0.9250
1.4887 0.2841 0.9257
1.4941 0.2782 0.9264
1.4994 0.2723 0.9272
1.5040 0.2674 0.9278
1.5069 0.2642 0.9282
1.5089 0.2620 0.9285
1.5104 0.2604 0.9287
1.5115 0.2592 0.9288
1.5124 0.2582 0.9289
1.5199 0.2500 0.9300
1.5199 0.2500 0.9300
1.5199 0.2500 0.9300
1.5199 0.2500 0.9300
1.5199 0.2500 0.9300
1.5199 0.2500 0.9300
1.5199 0.2500 0.9300
1.5199 0.2500 0.9300
1.5199 0.2500 0.9300
1.5199 0.2500 0.9300
1.5199 0.2500 0.9300
1.5199 0.2500 0.9300
1.5199 0.2500 0.9300
1.5199 0.2500 0.9300
1.5199 0.2500 0.9300
1.5199 0.2500 0.9300
1.5199 0.2500 0.9300
1.5199 0.2500 0.9300
1.5199 0.2500 0.9300
1.5199 0.2500 0.9300
1.5199 0.2496 0.9300
1.5199 0.2493 0.9300
1.5199 0.2490 0.9300
1.5199 0.2486 0.9303
1.5196 0.2479 0.9306
1.5193 0.2472 0.9309
1.5190 0.2465 0.9313
1.5186 0.2454 0.9317
1.5179 0.2443 0.9324
1.5172 0.2431 0.9331
1.5165 0.2416 0.9338
1.5154 0.2400 0.9349
1.5143 0.2381 0.9361
1.5128 0.2361 0.9376
1.5113 0.2337 0.9391
1.5097 0.2313 0.9407
1.5078 0.2288 0.9426
1.5058 0.2262 0.9447
1.5034 0.2232 0.9471
1.5006 0.2198 0.9495
1.4980 0.2166 0.9521
1.4951 0.2130 0.9550
1.4920 0.2090 0.9580
1.4886 0.2053 0.9615
1.4851 0.2011 0.9650
1.4815 0.1965 0.9686
1.4774 0.1922 0.9726
1.4733 0.1874 0.9768
1.4688 0.1826 0.9813
1.4641 0.1776 0.9859
1.4594 0.1726 0.9907
1.4542 0.1671 0.9958
1.4489 0.1616 1.0011
1.4432 0.1560 1.0068
1.4374 0.1502 1.0126
1.4315 0.1445 1.0185
1.4251 0.1386 1.0248
1.4187 0.1326 1.0313
1.4118 0.1266 1.0381
1.4048 0.1202 1.0451
1.3977 0.1140 1.0522
1.3902 0.1078 1.0598
1.3822 0.1016 1.0677
1.3741 0.0953 1.0758
1.3659 0.0889 1.0840
1.3576 0.0825 1.0924
1.3485 0.0760 1.1015
1.3393 0.0699 1.1107
1.3299 0.0637 1.1200
1.3201 0.0575 1.1298
1.3102 0.0513 1.1397
1.3002 0.0453 1.1497
1.2897 0.0391 1.1602
1.2791 0.0332 1.1708
1.2680 0.0276 1.1819
1.2568 0.0223 1.1931
1.2452 0.0168 1.2047
1.2334 0.0116 1.2165
1.2215 0.0065 1.2284
1.2092 0.0017 1.2407
1.1967 -0.0028 1.2532
1.1838 -0.0071 1.2661
1.1710 -0.0111 1.2789
1.1579 -0.0150 1.2920
1.1443 -0.0185 1.3056
1.1308 -0.0216 1.3191
1.1170 -0.0243 1.3329
1.1027 -0.0269 1.3472
1.0883 -0.0287 1.3616
1.0737 -0.0303 1.3762
1.0591 -0.0319 1.3908
1.0440 -0.0330 1.4059
1.0288 -0.0333 1.4211
1.0135 -0.0335 1.4364
0.9981 -0.0331 1.4518
0.9825 -0.0323 1.4674
0.9666 -0.0310 1.4833
0.9509 -0.0292 1.4990
0.9348 -0.0269 1.5151
0.9185 -0.0240 1.5314
0.9025 -0.0207 1.5474
0.8861 -0.0168 1.5638
0.8697 -0.0123 1.5802
0.8531 -0.0073 1.5968
0.8368 -0.0018 1.6131
0.8201 0.0043 1.6298
0.8034 0.0112 1.6465
0.7869 0.0188 1.6630
0.7704 0.0266 1.6795
0.7539 0.0353 1.6960
0.7373 0.0446 1.7126
0.7210 0.0545 1.7289
0.7047 0.0650 1.7452
0.6883 0.0761 1.7616
0.6720 0.0878 1.7779
0.6560 0.1005 1.7939
0.6400 0.1137 1.8099
0.6240 0.1273 1.8259
0.6083 0.1418 1.8416
0.5930 0.1569 1.8569
0.5777 0.1727 1.8722
0.5628 0.1894 1.8871
0.5482 0.2065 1.9017
0.5338 0.2241 1.9165
0.5197 0.2428 1.9306
0.5057 0.2620 1.9446
0.4921 0.2816 1.9582
0.4786 0.3019 1.9717
0.4655 0.3227 1.9848
0.4528 0.3442 1.9975
0.4405 0.3664 2.0098
0.4284 0.3888 2.0219
0.4168 0.4119 2.0336
0.4056 0.4359 2.0448
0.3948 0.4602 2.0555
0.3846 0.4852 2.0658
0.3748 0.5104 2.0756
0.3652 0.5359 2.0852
0.3561 0.5624 2.0944
0.3474 0.5891 2.1027
0.3393 0.6161 2.1108
0.3320 0.6433 2.1181
0.3252 0.6714 2.1249
0.3190 0.6998 2.1311
0.3133 0.7284 2.1368
0.3081 0.7572 2.1419
0.3035 0.7863 2.1465
0.2998 0.8159 2.1502
0.2964 0.8457 2.1537
0.2938 0.8754 2.1562
0.2919 0.9052 2.1582
0.2905 0.9352 2.1595
0.2897 0.9654 2.1603
0.2898 0.9957 2.1601
0.2906 1.0258 2.1594
0.2920 1.0560 2.1580
0.2940 1.0863 2.1559
0.2964 1.1167 2.1536
0.2993 1.1469 2.1507
0.3032 1.1768 2.1468
0.3077 1.2068 2.1423
0.3128 1.2367 2.1371
0.3186 1.2664 2.1313
0.3250 1.2958 2.1249
0.3321 1.3248 2.1179
0.3398 1.3535 2.1102
0.3481 1.3822 2.1018
0.3570 1.4105 2.0929
0.3663 1.4384 2.0836
0.3762 1.4659 2.0737
0.3867 1.4930 2.0632
0.3978 1.5197 2.0521
0.4096 1.5456 2.0404
0.4219 1.5710 2.0280
0.4349 1.5957 2.0150
0.4482 1.6202 2.0017
0.4624 1.6438 1.9875
0.4769 1.6670 1.9730
0.4920 1.6896 1.9579
0.5074 1.7113 1.9425
0.5234 1.7325 1.9265
0.5399 1.7531 1.9100
0.5568 1.7725 1.8931
0.5739 1.7912 1.8761
0.5915 1.8094 1.8584
0.6098 1.8266 1.8402
0.6282 1.8432 1.8217
0.6470 1.8588 1.8029
0.6662 1.8737 1.7837
0.6857 1.8877 1.7642
0.7054 1.9010 1.7445
0.7253 1.9132 1.7246
0.7454 1.9248 1.7045
0.7657 1.9351 1.6842
0.7862 1.9446 1.6637
0.8068 1.9531 1.6431
0.8278 1.9609 1.6221
0.8487 1.9676 1.6012
0.8698 1.9735 1.5801
0.8909 1.9788 1.5590
0.9122 1.9830 1.5377
0.9332 1.9864 1.5167
0.9544 1.9884 1.4955
0.9756 1.9897 1.4743
0.9965 1.9902 1.4534
1.0175 1.9900 1.4324
1.0386 1.9887 1.4113
1.0596 1.9866 1.3903
1.0804 1.9834 1.3695
1.1012 1.9795 1.3487
1.1220 1.9748 1.3279
1.1425 1.9694 1.3074
1.1627 1.9629 1.2872
1.1828 1.9556 1.2671
1.2026 1.9476 1.2473
1.2223 1.9386 1.2276
1.2416 1.9287 1.2083
1.2610 1.9182 1.1889
1.2799 1.9072 1.1700
1.2984 1.8955 1.1515
1.3168 1.8831 1.1331
1.3349 1.8696 1.1150
1.3525 1.8558 1.0974
1.3697 1.8413 1.0802
1.3865 1.8260 1.0634
1.4028 1.8104 1.0471
1.4186 1.7942 1.0313
1.4343 1.7772 1.0156
1.4495 1.7599 1.0004
1.4642 1.7420 0.9857
1.4788 1.7238 0.9711
1.4929 1.7049 0.9570
1.5064 1.6858 0.9435
1.5195 1.6663 0.9304
1.5324 1.6463 0.9175
1.5448 1.6260 0.9051
1.5567 1.6051 0.8932
1.5680 1.5843 0.8819
1.5792 1.5630 0.8707
1.5898 1.5414 0.8601
1.5999 1.5197 0.8500
1.6098 1.4977 0.8401
1.6192 1.4752 0.8307
1.6281 1.4529 0.8218
1.6364 1.4304 0.8135
1.6442 1.4078 0.8057
1.6515 1.3850 0.7984
1.6582 1.3625 0.7917
1.6647 1.3395 0.7852
1.6707 1.3163 0.7792
1.6761 1.2934 0.7738
1.6813 1.2704 0.7686
1.6860 1.2474 0.7639
1.6905 1.2243 0.7594
1.6944 1.2014 0.7555
1.6978 1.1785 0.7521
1.7009 1.1559 0.7490
1.7035 1.1332 0.7464
1.7059 1.1109 0.7440
1.7078 1.0886 0.7421
1.7094 1.0663 0.7405
1.7109 1.0443 0.7390
1.7119 1.0223 0.7380
1.7126 1.0004 0.7373
1.7132 0.9791 0.7367
1.7133 0.9579 0.7366
1.7132 0.9368 0.7367
1.7126 0.9160 0.7373
1.7118 0.8956 0.7381
1.7106 0.8754 0.7393
1.7092 0.8555 0.7407
1.7076 0.8357 0.7423
1.7059 0.8164 0.7440
1.7037 0.7971 0.7462
1.7014 0.7783 0.7485
1.6989 0.7599 0.7510
1.6963 0.7416 0.7536
1.6933 0.7238 0.7566
1.6904 0.7064 0.7595
1.6871 0.6895 0.7628
1.6837 0.6727 0.7662
1.6802 0.6561 0.7697
1.6765 0.6400 0.7734
1.6728 0.6240 0.7771
1.6689 0.6084 0.7810
1.6650 0.5934 0.7849
1.6610 0.5785 0.7889
1.6569 0.5640 0.7930
1.6528 0.5501 0.7971
1.6491 0.5347 0.8008
1.6451 0.5197 0.8048
1.6411 0.5048 0.8088
1.6369 0.4906 0.8130
1.6328 0.4766 0.8171
1.6284 0.4627 0.8215
1.6243 0.4490 0.8256
1.6198 0.4352 0.8301
1.6156 0.4222 0.8343
1.6110 0.4096 0.8389
1.6067 0.3973 0.8432
1.6019 0.3856 0.8480
1.5977 0.3745 0.8522
1.5925 0.3648 0.8574
1.5900 0.3600 0.8600
1.5900 0.3499 0.8600
1.5800 0.3400 0.8700
1.5800 0.3300 0.8700
1.5700 0.3300 0.8799
1.5700 0.3199 0.8799
1.5599 0.3100 0.8899
1.5599 0.3100 0.8899
1.5599 0.3000 0.8899
1.5499 0.2899 0.8999
1.5499 0.2899 0.8999
1.5499 0.2800 0.8999
1.5399 0.2800 0.9100
1.5399 0.2800 0.9100
1.5399 0.2700 0.9100
1.5399 0.2700 0.9100
1.5299 0.2700 0.9200
1.5299 0.2599 0.9200
1.5299 0.2599 0.9200
1.5299 0.2599 0.9200
1.5299 0.2599 0.9200
1.5299 0.2500 0.9200
1.5299 0.2500 0.9200
1.5199 0.2500 0.9300
1.5199 0.2500 0.9300
1.5199 0.2500 0.9300
1.5199 0.2500 0.9300
1.5199 0.2500 0.9300
1.5199 0.2500 0.9300
1.5199 0.2500 0.9300
1.5199 0.2500 0.9300
1.5199 0.2500 0.9300
1.5199 0.2500 0.9300
1.5199 0.2500 0.9300
1.5199 0.2500 0.9300
1.5199 0.2500 0.9300
1.5199 0.2500 0.9300
1.5199 0.2500 0.9300
1.5199 0.2500 0.9300
1.5199 0.2500 0.9300
1.5199 0.2500 0.9300
1.5199 0.2500 0.9300
1.5199 0.2500 0.9300
1.5199 0.2500 0.9300
1.5199 0.2500 0.9300
1.5199 0.2500 0.9300
1.5199 0.2500 0.9300
1.5199 0.2500 0.9300
1.5199 0.2500 0.9300
1.5199 0.2500 0.9300
1.5199 0.2500 0.9300
1.5199 0.2500 0.9300
1.5230 0.2500 0.9374
1.5265 0.2500 0.9461
1.5308 0.2500 0.9568
1.5359 0.2500 0.9695
1.5418 0.2500 0.9842
1.5486 0.2500 1.0009
1.5561 0.2500 1.0196
1.5644 0.2500 1.0400
1.5730 0.2500 1.0614
1.5819 0.2500 1.0835
1.5909 0.2500 1.1058
1.5998 0.2500 1.1278
1.6084 0.2500 1.1491
1.6164 0.2500 1.1690
1.6239 0.2500 1.1876
1.6310 0.2500 1.2051
1.6380 0.2500 1.2225
1.6450 0.2500 1.2400
1.6521 0.2500 1.2573
1.6590 0.2500 1.2746
1.6658 0.2500 1.2915
1.6725 0.2500 1.3079
1.6806 0.2500 1.3282
1.6890 0.2500 1.3488
1.6972 0.2500 1.3693
1.7052 0.2500 1.3891
1.7128 0.2500 1.4078
1.7197 0.2500 1.4250
1.7260 0.2500 1.4405
1.7314 0.2500 1.4539
1.7359 0.2500 1.4652
1.7396 0.2500 1.4742
1.7429 0.2500 1.4824
1.7457 0.2500 1.4894
1.7482 0.2500 1.4956
1.7500 0.2500 1.5000
1.7500 0.2500 1.5000
1.7500 0.2500 1.5000
1.7500 0.2500 1.5000
1.7500 0.2500 1.5000
1.7500 0.2500 1.5000
1.7500 0.2500 1.5000
1.7500 0.2500 1.5000
1.7500 0.2500 1.5000
1.7500 0.2500 1.5000
1.7500 0.2500 1.5000
1.7500 0.2500 1.5000
1.7500 0.2500 1.5000
1.7500 0.2500 1.5000
1.7500 0.2500 1.5000
1.7500 0.2500 1.5000
1.7500 0.2500 1.4996
1.7500 0.2500 1.4993
1.7500 0.2500 1.4990
1.7500 0.2500 1.4986
1.7500 0.2500 1.4982
1.7500 0.2500 1.4979
1.7500 0.2500 1.4971
1.7500 0.2500 1.4964
1.7500 0.2500 1.4956
1.7500 0.2500 1.4945
1.7500 0.2500 1.4934
1.7500 0.2500 1.4922
1.7500 0.2500 1.4907
1.7500 0.2500 1.4891
1.7500 0.2500 1.4874
1.7500 0.2500 1.4854
1.7500 0.2500 1.4837
1.7500 0.2500 1.4816
1.7500 0.2500 1.4794
1.7500 0.2500 1.4768
1.7496 0.2500 1.4742
1.7493 0.2500 1.4712
1.7490 0.2500 1.4684
1.7486 0.2500 1.4653
1.7482 0.2500 1.4620
1.7479 0.2500 1.4587
1.7475 0.2500 1.4553
1.7471 0.2500 1.4516
1.7466 0.2500 1.4477
1.7459 0.2500 1.4438
1.7451 0.2500 1.4395
1.7443 0.2500 1.4351
1.7435 0.2500 1.4306
1.7426 0.2500 1.4261
1.7414 0.2500 1.4211
1.7402 0.2500 1.4164
1.7392 0.2500 1.4114
1.7383 0.2500 1.4062
1.7370 0.2500 1.4006
1.7356 0.2500 1.3953
1.7342 0.2500 1.3896
1.7325 0.2500 1.3839
1.7307 0.2500 1.3777
1.7289 0.2500 1.3718
1.7267 0.2500 1.3658
1.7248 0.2500 1.3594
1.7226 0.2500 1.3529
1.7202 0.2500 1.3464
1.7176 0.2500 1.3398
1.7148 0.2500 1.3331
1.7120 0.2500 1.3264
1.7092 0.2500 1.3193
1.7059 0.2500 1.3122
1.7026 0.2500 1.3053
1.6993 0.2500 1.2983
1.6955 0.2500 1.2910
1.6917 0.2500 1.2836
1.6878 0.2500 1.2762
1.6835 0.2500 1.2691
1.6791 0.2500 1.2615
1.6747 0.2500 1.2540
1.6699 0.2500 1.2464
1.6649 0.2500 1.2391
1.6596 0.2500 1.2318
1.6545 0.2500 1.2241
1.6490 0.2500 1.2164
1.6434 0.2500 1.2089
1.6374 0.2500 1.2015
1.6314 0.2500 1.1941
1.6249 0.2500 1.1866
1.6183 0.2500 1.1791
1.6116 0.2500 1.1720
1.6045 0.2500 1.1648
1.5973 0.2500 1.1577
1.5897 0.2500 1.1506
1.5816 0.2500 1.1434
1.5735 0.2500 1.1366
1.5652 0.2500 1.1299
1.5568 0.2500 1.1231
1.5483 0.2500 1.1167
1.5391 0.2500 1.1103
1.5297 0.2500 1.1043
1.5203 0.2500 1.0981
1.5107 0.2500 1.0922
1.5007 0.2500 1.0866
1.4905 0.2500 1.0811
1.4803 0.2500 1.0757
1.4696 0.2500 1.0703
1.4588 0.2500 1.0654
1.4479 0.2500 1.0608
1.4368 0.2500 1.0562
1.4257 0.2500 1.0521
1.4142 0.2500 1.0481
1.4025 0.2500 1.0445
1.3908 0.2500 1.0410
1.3786 0.2500 1.0376
1.3667 0.2500 1.0349
1.3543 0.2500 1.0324
1.3418 0.2500 1.0303
1.3293 0.2500 1.0283
1.3167 0.2500 1.0267
1.3040 0.2500 1.0253
1.2912 0.2500 1.0243
1.2783 0.2500 1.0238
1.2654 0.2500 1.0234
1.2521 0.2500 1.0235
1.2391 0.2500 1.0240
1.2259 0.2500 1.0248
1.2128 0.2500 1.0259
1.1996 0.2500 1.0276
1.1863 0.2500 1.0294
1.1733 0.2500 1.0317
1.1600 0.2500 1.0342
1.1469 0.2500 1.0372
1.1339 0.2500 1.0406
1.1208 0.2500 1.0446
1.1080 0.2500 1.0487
1.0949 0.2500 1.0533
1.0818 0.2500 1.0585
1.0690 0.2500 1.0638
1.0562 0.2500 1.0696
1.0438 0.2500 1.0756
1.0314 0.2500 1.0821
1.0190 0.2500 1.0891
1.0072 0.2500 1.0963
0.9955 0.2500 1.1037
0.9839 0.2500 1.1119
0.9723 0.2500 1.1203
0.9611 0.2500 1.1288
0.9503 0.2500 1.1379
0.9395 0.2500 1.1472
0.9288 0.2500 1.1570
0.9185 0.2500 1.1669
0.9086 0.2500 1.1773
0.8992 0.2500 1.1880
0.8901 0.2500 1.1991
0.8812 0.2500 1.2103
0.8728 0.2500 1.2221
0.8648 0.2500 1.2337
0.8569 0.2500 1.2458
0.8491 0.2500 1.2580
0.8418 0.2500 1.2708
0.8350 0.2500 1.2833
0.8286 0.2500 1.2963
0.8227 0.2500 1.3098
0.8170 0.2500 1.3231
0.8118 0.2500 1.3368
0.8070 0.2500 1.3503
0.8028 0.2500 1.3643
0.7990 0.2500 1.3781
0.7955 0.2500 1.3923
0.7924 0.2500 1.4063
0.7899 0.2500 1.4206
0.7875 0.2500 1.4348
0.7857 0.2500 1.4493
0.7844 0.2500 1.4637
0.7836 0.2500 1.4784
0.7833 0.2500 1.4928
0.7832 0.2500 1.5076
0.7837 0.2500 1.5222
0.7847 0.2500 1.5364
0.7862 0.2500 1.5511
0.7883 0.2500 1.5654
0.7906 0.2500 1.5798
0.7931 0.2500 1.5938
0.7962 0.2500 1.6082
0.7997 0.2500 1.6222
0.8035 0.2500 1.6363
0.8078 0.2500 1.6500
0.8127 0.2500 1.6638
0.8181 0.2500 1.6771
0.8240 0.2500 1.6905
0.8301 0.2500 1.7034
0.8365 0.2500 1.7164
0.8434 0.2500 1.7289
0.8508 0.2500 1.7414
0.8584 0.2500 1.7538
0.8662 0.2500 1.7655
0.8742 0.2500 1.7771
0.8830 0.2500 1.7886
0.8921 0.2500 1.7998
0.9013 0.2500 1.8104
0.9110 0.2500 1.8210
0.9209 0.2500 1.8312
0.9314 0.2500 1.8412
0.9420 0.2500 1.8508
0.9524 0.2500 1.8600
0.9633 0.2500 1.8690
0.9744 0.2500 1.8776
0.9856 0.2500 1.8857
0.9973 0.2500 1.8933
1.0088 0.2500 1.9008
1.0207 0.2500 1.9078
1.0328 0.2500 1.9146
1.0450 0.2500 1.9210
1.0574 0.2500 1.9269
1.0698 0.2500 1.9326
1.0826 0.2500 1.9378
1.0953 0.2500 1.9426
1.1080 0.2500 1.9471
1.1208 0.2500 1.9512
1.1337 0.2500 1.9547
1.1466 0.2500 1.9581
1.1596 0.2500 1.9610
1.1727 0.2500 1.9637
1.1858 0.2500 1.9659
1.1987 0.2500 1.9679
1.2119 0.2500 1.9691
1.2248 0.2500 1.9701
1.2378 0.2500 1.9709
1.2508 0.2500 1.9713
1.2635 0.2500 1.9714
1.2762 0.2500 1.9710
1.2889 0.2500 1.9705
1.3016 0.2500 1.9695
1.3143 0.2500 1.9679
1.3266 0.2500 1.9662
1.3390 0.2500 1.9643
1.3513 0.2500 1.9623
1.3633 0.2500 1.9597
1.3753 0.2500 1.9567
1.3872 0.2500 1.9538
1.3991 0.2500 1.9504
1.4103 0.2500 1.9469
1.4214 0.2500 1.9430
1.4325 0.2500 1.9388
1.4435 0.2500 1.9346
1.4545 0.2500 1.9298
1.4651 0.2500 1.9250
1.4753 0.2500 1.9199
1.4854 0.2500 1.9148
1.4951 0.2500 1.9095
1.5048 0.2500 1.9038
1.5143 0.2500 1.8980
1.5234 0.2500 1.8921
1.5325 0.2500 1.8860
1.5411 0.2500 1.8799
1.5496 0.2500 1.8733
1.5577 0.2500 1.8666
1.5660 0.2500 1.8601
1.5739 0.2500 1.8536
1.5817 0.2500 1.8467
1.5890 0.2500 1.8396
1.5963 0.2500 1.8325
1.6034 0.2500 1.8257
1.6101 0.2500 1.8184
1.6167 0.2500 1.8111
1.6232 0.2500 1.8038
1.6293 0.2500 1.7967
1.6353 0.2500 1.7895
1.6411 0.2500 1.7820
1.6466 0.2500 1.7745
1.6519 0.2500 1.7672
1.6571 0.2500 1.7599
1.6623 0.2500 1.7526
1.6670 0.2500 1.7453
1.6716 0.2500 1.7379
1.6758 0.2500 1.7305
1.6802 0.2500 1.7234
1.6842 0.2500 1.7164
1.6881 0.2500 1.7090
1.6919 0.2500 1.7019
1.6953 0.2500 1.6948
1.6986 0.2500 1.6881
1.7018 0.2500 1.6810
1.7046 0.2500 1.6743
1.7073 0.2500 1.6676
1.7102 0.2500 1.6613
1.7137 0.2500 1.6543
1.7168 0.2500 1.6474
1.7197 0.2500 1.6408
1.7225 0.2500 1.6339
1.7252 0.2500 1.6273
1.7280 0.2500 1.6209
1.7302 0.2500 1.6143
1.7324 0.2500 1.6079
1.7344 0.2500 1.6019
1.7364 0.2500 1.5956
1.7381 0.2500 1.5899
1.7398 0.2500 1.5839
1.7416 0.2500 1.5787
1.7438 0.2500 1.5729
1.7500 0.2500 1.5700
1.7500 0.2500 1.5599
1.7500 0.2500 1.5599
1.7500 0.2500 1.5499
1.7500 0.2500 1.5499
1.7500 0.2500 1.5399
1.7500 0.2500 1.5399
1.7500 0.2500 1.5399
1.7500 0.2500 1.5299
1.7500 0.2500 1.5299
1.7500 0.2500 1.5299
1.7500 0.2500 1.5199
1.7500 0.2500 1.5199
1.7500 0.2500 1.5199
1.7500 0.2500 1.5099
1.7500 0.2500 1.5099
1.7500 0.2500 1.5099
1.7500 0.2500 1.5099
1.7500 0.2500 1.5099
1.7500 0.2500 1.5099
1.7500 0.2500 1.5000
1.7500 0.2500 1.5000
1.7500 0.2500 1.5000
1.7500 0.2500 1.5000
1.7500 0.2500 1.5000
1.7500 0.2500 1.5000
1.7500 0.2500 1.5000
1.7500 0.2500 1.5000
1.7500 0.2500 1.5000
1.7500 0.2500 1.5000
1.7500 0.2500 1.5000
1.7500 0.2500 1.5000
1.7500 0.2500 1.5000
1.7500 0.2500 1.5000
1.7500 0.2500 1.5000
1.7500 0.2500 1.5000
1.7500 0.2500 1.5000
1.7500 0.2500 1.5000
1.7500 0.2500 1.5000
1.7500 0.2500 1.5000
1.7500 0.2500 1.5000
1.7500 0.2500 1.5000
1.7500 0.2500 1.5000
1.7500 0.2500 1.5000
1.7500 0.2500 1.5000
1.7500 0.2500 1.5000
1.7500 0.2500 1.5000
1.7500 0.2500 1.5000
1.7500 0.2500 1.5000
1.7500 0.2500 1.5000
1.7500 0.2500 1.5000
1.7500 0.2500 1.5000
1.7500 0.2500 1.4900
1.7500 0.2500 1.4800
1.7500 0.2500 1.4700
1.7500 0.2500 1.4600
1.7500 0.2500 1.4500
1.7500 0.2500 1.4400
1.7500 0.2500 1.4299
1.7500 0.2500 1.4199
1.7500 0.2500 1.4099
1.7500 0.2500 1.3999
1.7500 0.2500 1.3899
1.7500 0.2500 1.3799
1.7500 0.2500 1.3700
1.7500 0.2500 1.3600
1.7500 0.2500 1.3500
1.7500 0.2500 1.3400
1.7500 0.2500 1.3300
1.7500 0.2500 1.3200
1.7500 0.2500 1.3099
1.7500 0.2500 1.2999
1.7500 0.2500 1.2899
1.7500 0.2500 1.2799
1.7500 0.2500 1.2699
1.7500 0.2500 1.2599
1.7500 0.2500 1.2500
1.7500 0.2500 1.2400
1.7500 0.2500 1.2300
1.7500 0.2500 1.2200
1.7500 0.2500 1.2100
1.7500 0.2500 1.2000
1.7500 0.2500 1.1900
1.7500 0.2500 1.1799
1.7500 0.2500 1.1699
1.7500 0.2500 1.1599
1.7500 0.2500 1.1499
1.7500 0.2500 1.1399
1.7500 0.2500 1.1299
1.7500 0.2500 1.1200
1.7500 0.2500 1.1100
1.7500 0.2500 1.1000
1.7500 0.2500 1.0900
1.7500 0.2500 1.0800
1.7500 0.2500 1.0700
1.7500 0.2500 1.0599
1.7500 0.2500 1.0499
1.7500 0.2500 1.0399
1.7500 0.2500 1.0299
1.7500 0.2500 1.0199
1.7500 0.2500 1.0099
1.7500 0.2500 1.0000
1.7500 0.2500 0.9900
1.7500 0.2500 0.9800
1.7500 0.2500 0.9700
1.7500 0.2500 0.9599
1.7500 0.2500 0.9499
1.7500 0.2500 0.9399
1.7500 0.2500 0.9300
1.7500 0.2500 0.9200
1.7500 0.2500 0.9100
1.7500 0.2500 0.8999
1.7500 0.2500 0.8899
1.7500 0.2500 0.8799
1.7500 0.2500 0.8700
1.7500 0.2500 0.8600
1.7500 0.2500 0.8500
1.7500 0.2500 0.8399
1.7500 0.2500 0.8299
1.7500 0.2500 0.8199
1.7500 0.2500 0.8100
1.7500 0.2500 0.8000
1.7500 0.2500 0.7900
1.7500 0.2500 0.7799
1.7500 0.2500 0.7699
1.7500 0.2500 0.7599
1.7500 0.2500 0.7500
1.7500 0.2500 0.7400
1.7500 0.2500 0.7300
1.7500 0.2500 0.7200
1.7500 0.2500 0.7099
1.7500 0.2500 0.6999
1.7500 0.2500 0.6899
1.7500 0.2500 0.6800
1.7500 0.2500 0.6700
1.7500 0.2500 0.6600
1.7500 0.2500 0.6499
1.7500 0.2500 0.6399
1.7500 0.2500 0.6299
1.7500 0.2500 0.6200
1.7500 0.2500 0.6100
1.7500 0.2500 0.6000
1.7500 0.2500 0.5899
1.7500 0.2500 0.5799
1.7500 0.2500 0.5699
1.7500 0.2500 0.5600
1.7500 0.2500 0.5500
1.7500 0.2500 0.5400
1.7500 0.2500 0.5299
1.7500 0.2500 0.5199
1.7500 0.2500 0.5099
1.7500 0.2500 0.5000
1.7500 0.2500 0.4900
1.7500 0.2500 0.4799
1.7500 0.2500 0.4699
1.7500 0.2500 0.4600
1.7500 0.2500 0.4499
1.7500 0.2500 0.4399
1.7500 0.2500 0.4300
1.7500 0.2500 0.4199
1.7500 0.2500 0.4099
1.7500 0.2500 0.4000
1.7500 0.2500 0.3899
1.7500 0.2500 0.3799
1.7500 0.2500 0.3700
1.7500 0.2500 0.3600
1.7500 0.2500 0.3499
1.7500 0.2500 0.3400
1.7500 0.2500 0.3300
1.7500 0.2500 0.3199
1.7500 0.2500 0.3100
1.7500 0.2500 0.3000
1.7500 0.2500 0.2899
1.7500 0.2500 0.2800
1.7500 0.2500 0.2700
1.7500 0.2500 0.2599
1.7500 0.2500 0.2500
1.7500 0.2500 0.2399
1.7500 0.2500 0.2300
1.7500 0.2500 0.2199
1.7500 0.2500 0.2099
1.7500 0.2500 0.2000
1.7500 0.2500 0.1899
1.7500 0.2500 0.1800
1.7500 0.2500 0.1700
1.7500 0.2500 0.1599
1.7500 0.2500 0.1500
1.7500 0.2500 0.1403
1.7500 0.2500 0.1303
1.7500 0.2500 0.1203
1.7500 0.2500 0.1103
1.7500 0.2500 0.1004
1.7500 0.2500 0.0904
1.7500 0.2500 0.0805
1.7500 0.2500 0.0705
1.7500 0.2500 0.0606
1.7500 0.2500 0.0507
1.7500 0.2500 0.0409
1.7500 0.2500 0.0311
1.7500 0.2500 0.0214
1.7500 0.2500 0.0120
1.7500 0.2500 0.0033
