1.7500 0.7500 1.0087
1.7500 0.7500 1.0467
1.7500 0.7500 1.0833
1.7500 0.7500 1.1285
1.7500 0.7500 1.1735
1.7500 0.7500 1.2176
1.7500 0.7500 1.2596
1.7500 0.7500 1.2984
1.7500 0.7500 1.3339
1.7500 0.7500 1.3662
1.7500 0.7500 1.3950
1.7500 0.7500 1.4206
1.7500 0.7500 1.4428
1.7500 0.7500 1.4616
1.7500 0.7500 1.4769
1.7500 0.7500 1.4888
1.7500 0.7500 1.4971
1.7500 0.7500 1.5000
1.7500 0.7500 1.5000
1.7493 0.7525 1.4920
1.7485 0.7558 1.4818
1.7475 0.7599 1.4691
1.7463 0.7648 1.4536
1.7449 0.7706 1.4354
1.7432 0.7773 1.4146
1.7414 0.7848 1.3911
1.7393 0.7932 1.3650
1.7371 0.8021 1.3371
1.7348 0.8115 1.3080
1.7325 0.8210 1.2782
1.7301 0.8306 1.2484
1.7278 0.8399 1.2192
1.7256 0.8489 1.1911
1.7235 0.8573 1.1649
1.7216 0.8649 1.1411
1.7198 0.8726 1.1173
1.7179 0.8802 1.0935
1.7160 0.8878 1.0697
1.7141 0.8954 1.0462
1.7123 0.9029 1.0228
1.7105 0.9102 1.0000
1.7087 0.9173 0.9777
1.7066 0.9262 0.9501
1.7043 0.9351 0.9221
1.7022 0.9441 0.8943
1.7000 0.9527 0.8674
1.6980 0.9609 0.8419
1.6962 0.9684 0.8183
1.6945 0.9752 0.7972
1.6930 0.9810 0.7789
1.6918 0.9859 0.7636
1.6909 0.9899 0.7513
1.6900 0.9932 0.7409
1.6894 0.9960 0.7324
1.6888 0.9981 0.7257
1.6884 1.0000 0.7199
1.6884 1.0000 0.7199
1.6884 1.0000 0.7199
1.6884 1.0000 0.7199
1.6884 1.0000 0.7199
1.6884 1.0000 0.7199
1.6884 1.0000 0.7199
1.6884 1.0000 0.7199
1.6884 1.0000 0.7199
1.6884 1.0000 0.7199
1.6884 1.0000 0.7199
1.6884 1.0000 0.7199
1.6884 1.0000 0.7199
1.6884 1.0000 0.7199
1.6884 1.0000 0.7199
1.6884 1.0000 0.7199
1.6884 1.0000 0.7199
1.6884 1.0000 0.7199
1.6884 1.0000 0.7199
1.6884 1.0000 0.7199
1.6884 1.0000 0.7199
1.6884 1.0000 0.7199
1.6884 1.0000 0.7199
1.6884 1.0000 0.7199
1.6884 1.0000 0.7199
1.6884 0.9999 0.7199
1.6884 0.9999 0.7199
1.6884 0.9999 0.7199
1.6884 0.9998 0.7199
1.6884 0.9997 0.7199
1.6884 0.9996 0.7199
1.6884 0.9994 0.7199
1.6884 0.9992 0.7199
1.6884 0.9990 0.7199
1.6884 0.9986 0.7199
1.6884 0.9982 0.7199
1.6884 0.9978 0.7199
1.6884 0.9972 0.7199
1.6884 0.9965 0.7199
1.6884 0.9957 0.7199
1.6884 0.9947 0.7199
1.6884 0.9936 0.7199
1.6884 0.9924 0.7199
1.6884 0.9910 0.7199
1.6883 0.9895 0.7200
1.6883 0.9878 0.7200
1.6883 0.9859 0.7200
1.6882 0.9837 0.7201
1.6882 0.9814 0.7202
1.6881 0.9789 0.7202
1.6880 0.9761 0.7203
1.6878 0.9731 0.7205
1.6877 0.9698 0.7206
1.6875 0.9664 0.7208
1.6873 0.9626 0.7210
1.6871 0.9586 0.7212
1.6868 0.9544 0.7215
1.6865 0.9499 0.7218
1.6862 0.9451 0.7221
1.6858 0.9401 0.7225
1.6854 0.9348 0.7230
1.6849 0.9291 0.7234
1.6843 0.9232 0.7240
1.6837 0.9171 0.7246
1.6831 0.9106 0.7253
1.6823 0.9038 0.7260
1.6815 0.8968 0.7268
1.6806 0.8895 0.7277
1.6797 0.8819 0.7286
1.6786 0.8740 0.7297
1.6775 0.8658 0.7308
1.6762 0.8574 0.7321
1.6749 0.8487 0.7334
1.6734 0.8396 0.7349
1.6719 0.8304 0.7364
1.6702 0.8208 0.7381
1.6684 0.8110 0.7399
1.6665 0.8009 0.7419
1.6644 0.7906 0.7439
1.6622 0.7800 0.7461
1.6598 0.7692 0.7485
1.6573 0.7581 0.7510
1.6546 0.7468 0.7537
1.6518 0.7353 0.7565
1.6488 0.7235 0.7595
1.6456 0.7116 0.7627
1.6422 0.6994 0.7661
1.6386 0.6870 0.7697
1.6349 0.6745 0.7735
1.6309 0.6617 0.7774
1.6267 0.6488 0.7816
1.6223 0.6357 0.7860
1.6176 0.6225 0.7907
1.6128 0.6092 0.7956
1.6076 0.5957 0.8007
1.6023 0.5821 0.8060
1.5967 0.5685 0.8116
1.5909 0.5547 0.8175
1.5847 0.5408 0.8236
1.5784 0.5269 0.8299
1.5717 0.5130 0.8366
1.5648 0.4990 0.8435
1.5576 0.4850 0.8507
1.5502 0.4710 0.8582
1.5424 0.4570 0.8659
1.5344 0.4430 0.8739
1.5261 0.4291 0.8822
1.5175 0.4152 0.8908
1.5086 0.4014 0.8997
1.4994 0.3877 0.9089
1.4900 0.3740 0.9184
1.4802 0.3605 0.9282
1.4701 0.3472 0.9382
1.4597 0.3339 0.9486
1.4491 0.3209 0.9593
1.4381 0.3080 0.9702
1.4268 0.2954 0.9815
1.4153 0.2829 0.9931
1.4034 0.2707 1.0049
1.3913 0.2587 1.0170
1.3789 0.2470 1.0295
1.3661 0.2356 1.0422
1.3531 0.2245 1.0552
1.3399 0.2137 1.0685
1.3263 0.2032 1.0820
1.3125 0.1932 1.0959
1.2984 0.1834 1.1100
1.2840 0.1741 1.1243
1.2694 0.1652 1.1389
1.2546 0.1567 1.1538
1.2395 0.1487 1.1689
1.2242 0.1411 1.1842
1.2087 0.1340 1.1997
1.1929 0.1275 1.2155
1.1769 0.1214 1.2314
1.1608 0.1158 1.2476
1.1445 0.1108 1.2639
1.1279 0.1064 1.2804
1.1113 0.1025 1.2971
1.0944 0.0992 1.3139
1.0775 0.0965 1.3309
1.0604 0.0944 1.3480
1.0432 0.0929 1.3652
1.0259 0.0921 1.3825
1.0085 0.0919 1.3999
0.9910 0.0924 1.4174
0.9735 0.0936 1.4349
0.9559 0.0954 1.4525
0.9383 0.0978 1.4701
0.9207 0.1010 1.4877
0.9030 0.1049 1.5054
0.8854 0.1095 1.5230
0.8679 0.1148 1.5405
0.8503 0.1207 1.5581
0.8329 0.1274 1.5755
0.8155 0.1349 1.5929
0.7982 0.1430 1.6102
0.7810 0.1518 1.6274
0.7640 0.1613 1.6444
0.7471 0.1715 1.6613
0.7304 0.1824 1.6780
0.7139 0.1940 1.6945
0.6975 0.2063 1.7109
0.6814 0.2193 1.7270
0.6655 0.2330 1.7429
0.6498 0.2473 1.7586
0.6344 0.2623 1.7740
0.6193 0.2779 1.7891
0.6045 0.2942 1.8039
0.5900 0.3111 1.8184
0.5758 0.3287 1.8326
0.5620 0.3468 1.8464
0.5486 0.3655 1.8599
0.5355 0.3848 1.8730
0.5228 0.4047 1.8857
0.5105 0.4252 1.8980
0.4986 0.4462 1.9098
0.4872 0.4677 1.9213
0.4762 0.4897 1.9323
0.4656 0.5122 1.9428
0.4556 0.5352 1.9529
0.4460 0.5586 1.9624
0.4369 0.5824 1.9715
0.4284 0.6066 1.9801
0.4203 0.6312 1.9881
0.4128 0.6562 1.9957
0.4058 0.6814 2.0027
0.3993 0.7070 2.0091
0.3934 0.7329 2.0150
0.3881 0.7590 2.0204
0.3833 0.7854 2.0252
0.3791 0.8119 2.0294
0.3754 0.8386 2.0330
0.3724 0.8654 2.0361
0.3699 0.8924 2.0386
0.3680 0.9194 2.0405
0.3667 0.9465 2.0418
0.3659 0.9736 2.0425
0.3658 1.0007 2.0427
0.3662 1.0278 2.0422
0.3673 1.0549 2.0412
0.3689 1.0819 2.0396
0.3711 1.1088 2.0374
0.3739 1.1355 2.0346
0.3772 1.1622 2.0313
0.3811 1.1886 2.0273
0.3856 1.2149 2.0229
0.3906 1.2409 2.0178
0.3962 1.2667 2.0123
0.4023 1.2922 2.0062
0.4089 1.3174 1.9995
0.4161 1.3422 1.9923
0.4238 1.3668 1.9846
0.4320 1.3910 1.9764
0.4407 1.4148 1.9677
0.4499 1.4382 1.9586
0.4596 1.4612 1.9489
0.4697 1.4837 1.9388
0.4803 1.5057 1.9282
0.4913 1.5273 1.9172
0.5027 1.5484 1.9057
0.5146 1.5689 1.8939
0.5268 1.5888 1.8816
0.5394 1.6083 1.8690
0.5524 1.6271 1.8560
0.5658 1.6454 1.8426
0.5795 1.6631 1.8289
0.5935 1.6801 1.8149
0.6079 1.6965 1.8006
0.6225 1.7123 1.7859
0.6374 1.7275 1.7710
0.6526 1.7420 1.7559
0.6680 1.7558 1.7404
0.6836 1.7690 1.7248
0.6995 1.7815 1.7089
0.7155 1.7933 1.6929
0.7318 1.8044 1.6767
0.7482 1.8148 1.6603
0.7647 1.8246 1.6437
0.7814 1.8336 1.6270
0.7982 1.8419 1.6102
0.8150 1.8496 1.5934
0.8320 1.8566 1.5764
0.8491 1.8629 1.5594
0.8661 1.8685 1.5423
0.8833 1.8734 1.5251
0.9004 1.8776 1.5080
0.9175 1.8812 1.4909
0.9347 1.8841 1.4737
0.9518 1.8863 1.4566
0.9689 1.8879 1.4395
0.9859 1.8889 1.4225
1.0028 1.8892 1.4056
1.0197 1.8889 1.3887
1.0365 1.8880 1.3719
1.0531 1.8865 1.3552
1.0697 1.8845 1.3387
1.0862 1.8818 1.3222
1.1025 1.8786 1.3059
1.1186 1.8748 1.2898
1.1346 1.8705 1.2738
1.1504 1.8657 1.2580
1.1660 1.8603 1.2424
1.1815 1.8545 1.2269
1.1967 1.8482 1.2117
1.2118 1.8414 1.1966
1.2266 1.8341 1.1818
1.2412 1.8265 1.1672
1.2556 1.8183 1.1528
1.2698 1.8098 1.1386
1.2837 1.8009 1.1247
1.2973 1.7916 1.1110
1.3108 1.7820 1.0976
1.3239 1.7720 1.0845
1.3368 1.7616 1.0716
1.3494 1.7510 1.0589
1.3618 1.7401 1.0465
1.3739 1.7289 1.0345
1.3857 1.7174 1.0226
1.3972 1.7056 1.0111
1.4085 1.6937 0.9998
1.4195 1.6815 0.9889
1.4302 1.6692 0.9782
1.4406 1.6566 0.9678
1.4507 1.6439 0.9576
1.4606 1.6311 0.9478
1.4701 1.6181 0.9382
1.4794 1.6050 0.9289
1.4885 1.5918 0.9199
1.4972 1.5785 0.9111
1.5057 1.5652 0.9027
1.5139 1.5518 0.8945
1.5218 1.5384 0.8865
1.5295 1.5249 0.8789
1.5369 1.5114 0.8714
1.5441 1.4979 0.8642
1.5511 1.4844 0.8572
1.5579 1.4708 0.8504
1.5645 1.4573 0.8438
1.5709 1.4438 0.8374
1.5770 1.4303 0.8313
1.5830 1.4168 0.8253
1.5888 1.4034 0.8195
1.5944 1.3900 0.8139
1.5998 1.3766 0.8085
1.6051 1.3633 0.8033
1.6101 1.3500 0.7982
1.6150 1.3367 0.7933
1.6197 1.3236 0.7886
1.6242 1.3106 0.7842
1.6284 1.2977 0.7799
1.6323 1.2849 0.7760
1.6363 1.2727 0.7720
1.6400 1.2605 0.7683
1.6436 1.2485 0.7648
1.6469 1.2367 0.7614
1.6500 1.2253 0.7583
1.6529 1.2141 0.7554
1.6556 1.2031 0.7527
1.6581 1.1925 0.7502
1.6605 1.1822 0.7478
1.6627 1.1720 0.7457
1.6647 1.1623 0.7437
1.6665 1.1528 0.7418
1.6682 1.1437 0.7401
1.6699 1.1351 0.7384
1.6715 1.1266 0.7369
1.6730 1.1186 0.7354
1.6741 1.1108 0.7342
1.6752 1.1033 0.7331
1.6763 1.0961 0.7321
1.6772 1.0893 0.7311
1.6781 1.0826 0.7302
1.6789 1.0765 0.7294
1.6801 1.0690 0.7282
1.6811 1.0617 0.7272
1.6821 1.0549 0.7262
1.6830 1.0486 0.7253
1.6837 1.0425 0.7246
1.6844 1.0369 0.7239
1.6851 1.0313 0.7232
1.6858 1.0256 0.7225
1.6864 1.0207 0.7219
1.6869 1.0161 0.7214
1.6873 1.0115 0.7210
1.6877 1.0069 0.7206
1.6880 1.0036 0.7203
1.6883 1.0012 0.7200
1.6884 1.0000 0.7199
1.6884 1.0000 0.7199
1.6884 1.0000 0.7199
1.6884 1.0000 0.7199
1.6884 1.0000 0.7199
1.6884 1.0000 0.7199
1.6884 1.0000 0.7199
1.6884 1.0000 0.7199
1.6884 1.0000 0.7199
1.6884 1.0000 0.7199
1.6884 1.0000 0.7199
1.6884 1.0000 0.7199
1.6884 1.0000 0.7199
1.6884 1.0000 0.7199
1.6884 1.0000 0.7199
1.6884 1.0000 0.7199
1.6884 1.0000 0.7199
1.6884 1.0000 0.7199
1.6884 1.0000 0.7199
1.6884 1.0000 0.7199
1.6884 1.0000 0.7199
1.6884 1.0000 0.7199
1.6884 1.0000 0.7199
1.6884 1.0000 0.7199
1.6884 1.0000 0.7199
1.6884 1.0000 0.7199
1.6884 1.0000 0.7199
1.6884 1.0000 0.7199
1.6884 1.0000 0.7199
1.6884 1.0000 0.7199
1.6884 1.0000 0.7199
1.6884 1.0000 0.7199
1.6884 1.0000 0.7199
1.6884 1.0000 0.7199
1.6884 1.0000 0.7199
1.6884 1.0000 0.7199
1.6884 1.0000 0.7199
1.6884 1.0000 0.7199
1.6884 1.0000 0.7199
1.6884 1.0000 0.7199
1.6884 1.0000 0.7199
1.6884 1.0000 0.7199
1.6884 1.0000 0.7199
1.6884 1.0000 0.7199
1.6884 1.0000 0.7199
1.6884 1.0000 0.7199
1.6884 1.0000 0.7199
1.6884 1.0000 0.7199
1.6884 1.0000 0.7199
1.6884 1.0000 0.7199
1.6884 1.0000 0.7199
1.6884 1.0000 0.7199
1.6832 1.0000 0.7265
1.6765 1.0000 0.7347
1.6682 1.0000 0.7451
1.6582 1.0000 0.7575
1.6468 1.0000 0.7718
1.6349 1.0000 0.7867
1.6234 1.0000 0.8010
1.6130 1.0000 0.8140
1.6037 1.0000 0.8255
1.5439 1.0000 0.9001
1.5356 1.0000 0.9105
1.5290 1.0000 0.9186
1.5243 1.0000 0.9245
1.5199 1.0000 0.9300
1.5199 1.0000 0.9300
1.5199 1.0000 0.9300
1.5199 1.0000 0.9300
1.5199 1.0000 0.9300
1.5199 1.0000 0.9300
1.5199 1.0000 0.9300
1.5199 1.0000 0.9300
1.5199 1.0000 0.9300
1.5199 1.0000 0.9300
1.5199 1.0000 0.9300
1.5199 1.0000 0.9300
1.5199 1.0000 0.9300
1.5199 1.0000 0.9300
1.5199 1.0000 0.9300
1.5199 1.0000 0.9300
1.5199 0.9996 0.9300
1.5199 0.9993 0.9300
1.5199 0.9990 0.9300
1.5199 0.9986 0.9300
1.5199 0.9979 0.9300
1.5199 0.9972 0.9300
1.5199 0.9965 0.9300
1.5199 0.9954 0.9300
1.5199 0.9943 0.9300
1.5199 0.9931 0.9300
1.5199 0.9916 0.9300
1.5199 0.9900 0.9300
1.5199 0.9881 0.9300
1.5199 0.9861 0.9300
1.5199 0.9837 0.9300
1.5199 0.9810 0.9300
1.5199 0.9784 0.9300
1.5199 0.9755 0.9300
1.5199 0.9721 0.9300
1.5199 0.9687 0.9300
1.5199 0.9652 0.9300
1.5199 0.9613 0.9300
1.5199 0.9569 0.9300
1.5199 0.9528 0.9300
1.5199 0.9482 0.9300
1.5196 0.9432 0.9303
1.5193 0.9381 0.9306
1.5190 0.9325 0.9309
1.5186 0.9269 0.9313
1.5182 0.9208 0.9317
1.5179 0.9145 0.9320
1.5175 0.9082 0.9324
1.5167 0.9014 0.9332
1.5160 0.8945 0.9339
1.5152 0.8875 0.9347
1.5144 0.8800 0.9355
1.5133 0.8724 0.9366
1.5121 0.8647 0.9378
1.5109 0.8569 0.9390
1.5096 0.8487 0.9403
1.5080 0.8403 0.9419
1.5066 0.8318 0.9433
1.5053 0.8232 0.9446
1.5035 0.8146 0.9464
1.5018 0.8054 0.9481
1.4996 0.7962 0.9503
1.4974 0.7869 0.9525
1.4948 0.7775 0.9551
1.4925 0.7681 0.9574
1.4898 0.7582 0.9601
1.4871 0.7482 0.9628
1.4839 0.7381 0.9660
1.4810 0.7280 0.9689
1.4778 0.7178 0.9721
1.4741 0.7072 0.9758
1.4704 0.6965 0.9795
1.4666 0.6857 0.9833
1.4624 0.6749 0.9875
1.4581 0.6640 0.9918
1.4538 0.6526 0.9961
1.4490 0.6416 1.0009
1.4441 0.6305 1.0058
1.4389 0.6193 1.0110
1.4338 0.6081 1.0161
1.4284 0.5968 1.0215
1.4229 0.5858 1.0270
1.4169 0.5747 1.0330
1.4109 0.5636 1.0390
1.4044 0.5525 1.0455
1.3979 0.5414 1.0520
1.3912 0.5305 1.0587
1.3841 0.5197 1.0658
1.3770 0.5089 1.0729
1.3694 0.4980 1.0805
1.3613 0.4872 1.0886
1.3532 0.4767 1.0967
1.3450 0.4662 1.1049
1.3366 0.4561 1.1133
1.3278 0.4460 1.1221
1.3186 0.4359 1.1313
1.3092 0.4262 1.1407
1.2998 0.4165 1.1501
1.2899 0.4073 1.1600
1.2798 0.3980 1.1701
1.2697 0.3892 1.1802
1.2591 0.3804 1.1908
1.2484 0.3720 1.2015
1.2372 0.3640 1.2127
1.2259 0.3561 1.2240
1.2149 0.3486 1.2350
1.2034 0.3416 1.2465
1.1918 0.3349 1.2581
1.1797 0.3288 1.2702
1.1676 0.3227 1.2823
1.1553 0.3171 1.2946
1.1429 0.3120 1.3070
1.1301 0.3070 1.3198
1.1173 0.3029 1.3326
1.1043 0.2989 1.3456
1.0912 0.2953 1.3587
1.0777 0.2923 1.3722
1.0644 0.2898 1.3855
1.0507 0.2878 1.3992
1.0373 0.2863 1.4126
1.0235 0.2853 1.4264
1.0096 0.2849 1.4403
0.9959 0.2850 1.4540
0.9818 0.2857 1.4681
0.9680 0.2868 1.4819
0.9538 0.2886 1.4961
0.9399 0.2909 1.5100
0.9260 0.2938 1.5239
0.9120 0.2972 1.5379
0.8979 0.3012 1.5520
0.8842 0.3058 1.5657
0.8701 0.3110 1.5798
0.8563 0.3168 1.5936
0.8425 0.3231 1.6074
0.8290 0.3301 1.6209
0.8155 0.3373 1.6344
0.8020 0.3454 1.6479
0.7885 0.3541 1.6614
0.7750 0.3631 1.6749
0.7619 0.3727 1.6880
0.7488 0.3829 1.7011
0.7361 0.3937 1.7138
0.7237 0.4051 1.7265
0.7114 0.4171 1.7389
0.6994 0.4296 1.7508
0.6875 0.4425 1.7627
0.6757 0.4559 1.7746
0.6646 0.4700 1.7857
0.6536 0.4842 1.7967
0.6426 0.4994 1.8077
0.6321 0.5149 1.8182
0.6217 0.5310 1.8286
0.6120 0.5473 1.8383
0.6028 0.5641 1.8476
0.5936 0.5816 1.8567
0.5850 0.5993 1.8654
0.5768 0.6176 1.8736
0.5691 0.6361 1.8813
0.5612 0.6548 1.8889
0.5538 0.6741 1.8963
0.5468 0.6936 1.9033
0.5403 0.7133 1.9097
0.5344 0.7336 1.9157
0.5289 0.7540 1.9212
0.5239 0.7746 1.9262
0.5194 0.7955 1.9307
0.5151 0.8164 1.9349
0.5117 0.8376 1.9384
0.5084 0.8592 1.9416
0.5054 0.8807 1.9446
0.5032 0.9022 1.9468
0.5012 0.9240 1.9488
0.4997 0.9458 1.9502
0.4988 0.9677 1.9512
0.4984 0.9897 1.9516
0.4985 1.0115 1.9514
0.4992 1.0334 1.9507
0.5005 1.0553 1.9495
0.5023 1.0770 1.9480
0.5040 1.0987 1.9462
0.5063 1.1204 1.9440
0.5091 1.1419 1.9412
0.5125 1.1634 1.9379
0.5160 1.1845 1.9343
0.5201 1.2053 1.9302
0.5251 1.2261 1.9252
0.5304 1.2466 1.9200
0.5361 1.2670 1.9142
0.5422 1.2867 1.9082
0.5484 1.3063 1.9020
0.5555 1.3256 1.8949
0.5628 1.3444 1.8876
0.5703 1.3632 1.8801
0.5784 1.3815 1.8720
0.5867 1.3994 1.8635
0.5955 1.4168 1.8547
0.6048 1.4338 1.8453
0.6143 1.4503 1.8358
0.6244 1.4664 1.8257
0.6347 1.4822 1.8154
0.6451 1.4976 1.8050
0.6558 1.5122 1.7943
0.6666 1.5265 1.7835
0.6779 1.5404 1.7722
0.6894 1.5537 1.7607
0.7013 1.5666 1.7487
0.7131 1.5788 1.7369
0.7254 1.5906 1.7246
0.7378 1.6018 1.7122
0.7504 1.6125 1.6996
0.7631 1.6226 1.6869
0.7762 1.6321 1.6737
0.7892 1.6411 1.6608
0.8026 1.6495 1.6474
0.8157 1.6573 1.6342
0.8293 1.6646 1.6206
0.8430 1.6713 1.6070
0.8565 1.6774 1.5935
0.8703 1.6829 1.5796
0.8840 1.6878 1.5660
0.8980 1.6921 1.5520
0.9117 1.6959 1.5382
0.9256 1.6990 1.5244
0.9394 1.7018 1.5105
0.9534 1.7038 1.4966
0.9670 1.7054 1.4829
0.9807 1.7065 1.4692
0.9944 1.7070 1.4555
1.0081 1.7071 1.4418
1.0215 1.7067 1.4284
1.0349 1.7058 1.4150
1.0480 1.7042 1.4019
1.0614 1.7020 1.3885
1.0748 1.6996 1.3752
1.0878 1.6966 1.3621
1.1008 1.6930 1.3491
1.1135 1.6891 1.3364
1.1261 1.6847 1.3238
1.1387 1.6801 1.3112
1.1510 1.6749 1.2989
1.1632 1.6694 1.2868
1.1753 1.6634 1.2746
1.1871 1.6572 1.2629
1.1984 1.6507 1.2515
1.2097 1.6438 1.2402
1.2210 1.6366 1.2289
1.2321 1.6289 1.2178
1.2429 1.6209 1.2070
1.2533 1.6128 1.1966
1.2636 1.6046 1.1864
1.2734 1.5961 1.1765
1.2832 1.5872 1.1667
1.2928 1.5781 1.1571
1.3021 1.5688 1.1478
1.3112 1.5594 1.1387
1.3199 1.5499 1.1300
1.3286 1.5399 1.1213
1.3367 1.5298 1.1132
1.3451 1.5196 1.1048
1.3531 1.5092 1.0968
1.3609 1.4987 1.0890
1.3683 1.4878 1.0816
1.3756 1.4772 1.0743
1.3828 1.4664 1.0671
1.3896 1.4555 1.0603
1.3962 1.4446 1.0537
1.4028 1.4336 1.0471
1.4089 1.4228 1.0410
1.4145 1.4120 1.0354
1.4204 1.4012 1.0295
1.4259 1.3902 1.0240
1.4312 1.3793 1.0187
1.4362 1.3686 1.0137
1.4413 1.3579 1.0086
1.4460 1.3472 1.0039
1.4506 1.3365 0.9993
1.4548 1.3258 0.9951
1.4589 1.3154 0.9910
1.4626 1.3050 0.9873
1.4661 1.2947 0.9838
1.4699 1.2843 0.9800
1.4732 1.2740 0.9767
1.4764 1.2640 0.9735
1.4796 1.2540 0.9703
1.4827 1.2441 0.9672
1.4862 1.2338 0.9637
1.4895 1.2236 0.9604
1.4928 1.2134 0.9571
1.4960 1.2033 0.9539
1.4987 1.1933 0.9512
1.5013 1.1833 0.9486
1.5039 1.1734 0.9460
1.5065 1.1636 0.9434
1.5091 1.1538 0.9408
1.5117 1.1443 0.9382
1.5146 1.1350 0.9353
1.5165 1.1261 0.9334
1.5182 1.1182 0.9317
1.5194 1.1094 0.9305
1.5199 1.1000 0.9300
1.5199 1.0900 0.9300
1.5199 1.0900 0.9300
1.5199 1.0800 0.9300
1.5199 1.0700 0.9300
1.5199 1.0700 0.9300
1.5199 1.0599 0.9300
1.5199 1.0499 0.9300
1.5199 1.0499 0.9300
1.5199 1.0399 0.9300
1.5199 1.0399 0.9300
1.5199 1.0299 0.9300
1.5199 1.0299 0.9300
1.5199 1.0299 0.9300
1.5199 1.0199 0.9300
1.5199 1.0199 0.9300
1.5199 1.0199 0.9300
1.5199 1.0099 0.9300
1.5199 1.0099 0.9300
1.5199 1.0099 0.9300
1.5199 1.0099 0.9300
1.5199 1.0000 0.9300
1.5199 1.0000 0.9300
1.5199 1.0000 0.9300
1.5199 1.0000 0.9300
1.5199 1.0000 0.9300
1.5199 1.0000 0.9300
1.5199 1.0000 0.9300
1.5199 1.0000 0.9300
1.5199 1.0000 0.9300
1.5199 1.0000 0.9300
1.5199 1.0000 0.9300
1.5199 1.0000 0.9300
1.5199 1.0000 0.9300
1.5199 1.0000 0.9300
1.5199 1.0000 0.9300
1.5199 1.0000 0.9300
1.5199 1.0000 0.9300
1.5199 1.0000 0.9300
1.5199 1.0000 0.9300
1.5199 1.0000 0.9300
1.5199 1.0000 0.9300
1.5199 1.0000 0.9300
1.5199 1.0000 0.9300
1.5199 1.0000 0.9300
1.5199 1.0000 0.9300
1.5199 1.0000 0.9300
1.5199 1.0000 0.9300
1.5199 1.0000 0.9300
1.5199 1.0000 0.9300
1.5199 1.0000 0.9300
1.5199 1.0000 0.9300
1.5228 0.9969 0.9369
1.5262 0.9932 0.9454
1.5304 0.9886 0.9557
1.5354 0.9832 0.9681
1.5412 0.9769 0.9826
1.5478 0.9696 0.9991
1.5553 0.9615 1.0175
1.5635 0.9527 1.0378
1.5721 0.9433 1.0592
1.5810 0.9336 1.0813
1.5900 0.9238 1.1037
1.5989 0.9141 1.1257
1.6076 0.9047 1.1471
1.6156 0.8959 1.1671
1.6232 0.8877 1.1858
1.6302 0.8801 1.2033
1.6373 0.8724 1.2207
1.6443 0.8648 1.2381
1.6513 0.8572 1.2555
1.6583 0.8496 1.2727
1.6651 0.8422 1.2897
1.6718 0.8349 1.3062
1.6800 0.8260 1.3265
1.6883 0.8170 1.3471
1.6966 0.8079 1.3677
1.7047 0.7992 1.3877
1.7123 0.7909 1.4066
1.7193 0.7832 1.4240
1.7256 0.7764 1.4397
1.7311 0.7705 1.4532
1.7356 0.7655 1.4645
1.7393 0.7615 1.4736
1.7426 0.7579 1.4817
1.7454 0.7549 1.4887
1.7478 0.7523 1.4946
1.7500 0.7500 1.5000
1.7500 0.7500 1.5000
1.7500 0.7500 1.5000
1.7500 0.7500 1.5000
1.7500 0.7500 1.5000
1.7500 0.7500 1.5000
1.7500 0.7500 1.5000
1.7500 0.7500 1.5000
1.7500 0.7500 1.5000
1.7500 0.7500 1.5000
1.7500 0.7500 1.5000
1.7500 0.7500 1.5000
1.7500 0.7500 1.5000
1.7500 0.7500 1.5000
1.7500 0.7500 1.5000
1.7500 0.7500 1.5000
1.7500 0.7500 1.4996
1.7500 0.7500 1.4993
1.7500 0.7500 1.4990
1.7500 0.7500 1.4986
1.7500 0.7500 1.4982
1.7500 0.7500 1.4979
1.7500 0.7500 1.4971
1.7500 0.7500 1.4964
1.7500 0.7500 1.4956
1.7500 0.7500 1.4945
1.7500 0.7500 1.4934
1.7500 0.7500 1.4922
1.7500 0.7500 1.4907
1.7500 0.7500 1.4891
1.7500 0.7500 1.4874
1.7500 0.7500 1.4854
1.7500 0.7500 1.4837
1.7500 0.7500 1.4816
1.7500 0.7500 1.4794
1.7500 0.7500 1.4768
1.7496 0.7500 1.4742
1.7493 0.7500 1.4712
1.7490 0.7500 1.4684
1.7486 0.7500 1.4653
1.7482 0.7500 1.4620
1.7479 0.7500 1.4587
1.7475 0.7500 1.4553
1.7471 0.7500 1.4516
1.7466 0.7500 1.4477
1.7459 0.7500 1.4438
1.7451 0.7500 1.4395
1.7443 0.7500 1.4351
1.7435 0.7500 1.4306
1.7426 0.7500 1.4261
1.7414 0.7500 1.4211
1.7402 0.7500 1.4164
1.7392 0.7500 1.4114
1.7383 0.7500 1.4062
1.7370 0.7500 1.4006
1.7356 0.7500 1.3953
1.7342 0.7500 1.3896
1.7325 0.7500 1.3839
1.7307 0.7500 1.3777
1.7289 0.7500 1.3718
1.7267 0.7500 1.3658
1.7248 0.7500 1.3594
1.7226 0.7500 1.3529
1.7202 0.7500 1.3464
1.7176 0.7500 1.3398
1.7148 0.7500 1.3331
1.7120 0.7500 1.3264
1.7092 0.7500 1.3193
1.7059 0.7500 1.3122
1.7026 0.7500 1.3053
1.6993 0.7500 1.2983
1.6955 0.7500 1.2910
1.6917 0.7500 1.2836
1.6878 0.7500 1.2762
1.6835 0.7500 1.2691
1.6791 0.7500 1.2615
1.6747 0.7500 1.2540
1.6699 0.7500 1.2464
1.6649 0.7500 1.2391
1.6596 0.7500 1.2318
1.6545 0.7500 1.2241
1.6490 0.7500 1.2164
1.6434 0.7500 1.2089
1.6374 0.7500 1.2015
1.6314 0.7500 1.1941
1.6249 0.7500 1.1866
1.6183 0.7500 1.1791
1.6116 0.7500 1.1720
1.6045 0.7500 1.1648
1.5973 0.7500 1.1577
1.5897 0.7500 1.1506
1.5816 0.7500 1.1434
1.5735 0.7500 1.1366
1.5652 0.7500 1.1299
1.5568 0.7500 1.1231
1.5483 0.7500 1.1167
1.5391 0.7500 1.1103
1.5297 0.7500 1.1043
1.5203 0.7500 1.0981
1.5107 0.7500 1.0922
1.5007 0.7500 1.0866
1.4905 0.7500 1.0811
1.4803 0.7500 1.0757
1.4696 0.7500 1.0703
1.4588 0.7500 1.0654
1.4479 0.7500 1.0608
1.4368 0.7500 1.0562
1.4257 0.7500 1.0521
1.4142 0.7500 1.0481
1.4025 0.7500 1.0445
1.3908 0.7500 1.0410
1.3786 0.7500 1.0376
1.3667 0.7500 1.0349
1.3543 0.7500 1.0324
1.3418 0.7500 1.0303
1.3293 0.7500 1.0283
1.3167 0.7500 1.0267
1.3040 0.7500 1.0253
1.2912 0.7500 1.0243
1.2783 0.7500 1.0238
1.2654 0.7500 1.0234
1.2521 0.7500 1.0235
1.2391 0.7500 1.0240
1.2259 0.7500 1.0248
1.2128 0.7500 1.0259
1.1996 0.7500 1.0276
1.1863 0.7500 1.0294
1.1733 0.7500 1.0317
1.1600 0.7500 1.0342
1.1469 0.7500 1.0372
1.1339 0.7500 1.0406
1.1208 0.7500 1.0446
1.1080 0.7500 1.0487
1.0949 0.7500 1.0533
1.0818 0.7500 1.0585
1.0690 0.7500 1.0638
1.0562 0.7500 1.0696
1.0438 0.7500 1.0756
1.0314 0.7500 1.0821
1.0190 0.7500 1.0891
1.0072 0.7500 1.0963
0.9955 0.7500 1.1037
0.9839 0.7500 1.1119
0.9723 0.7500 1.1203
0.9611 0.7500 1.1288
0.9503 0.7500 1.1379
0.9395 0.7500 1.1472
0.9288 0.7500 1.1570
0.9185 0.7500 1.1669
0.9086 0.7500 1.1773
0.8992 0.7500 1.1880
0.8901 0.7500 1.1991
0.8812 0.7500 1.2103
0.8728 0.7500 1.2221
0.8648 0.7500 1.2337
0.8569 0.7500 1.2458
0.8491 0.7500 1.2580
0.8418 0.7500 1.2708
0.8350 0.7500 1.2833
0.8286 0.7500 1.2963
0.8227 0.7500 1.3098
0.8170 0.7500 1.3231
0.8118 0.7500 1.3368
0.8070 0.7500 1.3503
0.8028 0.7500 1.3643
0.7990 0.7500 1.3781
0.7955 0.7500 1.3923
0.7924 0.7500 1.4063
0.7899 0.7500 1.4206
0.7875 0.7500 1.4348
0.7857 0.7500 1.4493
0.7844 0.7500 1.4637
0.7836 0.7500 1.4784
0.7833 0.7500 1.4928
0.7832 0.7500 1.5076
0.7837 0.7500 1.5222
0.7847 0.7500 1.5364
0.7862 0.7500 1.5511
0.7883 0.7500 1.5654
0.7906 0.7500 1.5798
0.7931 0.7500 1.5938
0.7962 0.7500 1.6082
0.7997 0.7500 1.6222
0.8035 0.7500 1.6363
0.8078 0.7500 1.6500
0.8127 0.7500 1.6638
0.8181 0.7500 1.6771
0.8240 0.7500 1.6905
0.8301 0.7500 1.7034
0.8365 0.7500 1.7164
0.8434 0.7500 1.7289
0.8508 0.7500 1.7414
0.8584 0.7500 1.7538
0.8662 0.7500 1.7655
0.8742 0.7500 1.7771
0.8830 0.7500 1.7886
0.8921 0.7500 1.7998
0.9013 0.7500 1.8104
0.9110 0.7500 1.8210
0.9209 0.7500 1.8312
0.9314 0.7500 1.8412
0.9420 0.7500 1.8508
0.9524 0.7500 1.8600
0.9633 0.7500 1.8690
0.9744 0.7500 1.8776
0.9856 0.7500 1.8857
0.9973 0.7500 1.8933
1.0088 0.7500 1.9008
1.0207 0.7500 1.9078
1.0328 0.7500 1.9146
1.0450 0.7500 1.9210
1.0574 0.7500 1.9269
1.0698 0.7500 1.9326
1.0826 0.7500 1.9378
1.0953 0.7500 1.9426
1.1080 0.7500 1.9471
1.1208 0.7500 1.9512
1.1337 0.7500 1.9547
1.1466 0.7500 1.9581
1.1596 0.7500 1.9610
1.1727 0.7500 1.9637
1.1858 0.7500 1.9659
1.1987 0.7500 1.9679
1.2119 0.7500 1.9691
1.2248 0.7500 1.9701
1.2378 0.7500 1.9709
1.2508 0.7500 1.9713
1.2635 0.7500 1.9714
1.2762 0.7500 1.9710
1.2889 0.7500 1.9705
1.3016 0.7500 1.9695
1.3143 0.7500 1.9679
1.3266 0.7500 1.9662
1.3390 0.7500 1.9643
1.3513 0.7500 1.9623
1.3633 0.7500 1.9597
1.3753 0.7500 1.9567
1.3872 0.7500 1.9538
1.3991 0.7500 1.9504
1.4103 0.7500 1.9469
1.4214 0.7500 1.9430
1.4325 0.7500 1.9388
1.4435 0.7500 1.9346
1.4545 0.7500 1.9298
1.4651 0.7500 1.9250
1.4753 0.7500 1.9199
1.4854 0.7500 1.9148
1.4951 0.7500 1.9095
1.5048 0.7500 1.9038
1.5143 0.7500 1.8980
1.5234 0.7500 1.8921
1.5325 0.7500 1.8860
1.5411 0.7500 1.8799
1.5496 0.7500 1.8733
1.5577 0.7500 1.8666
1.5660 0.7500 1.8601
1.5739 0.7500 1.8536
1.5817 0.7500 1.8467
1.5890 0.7500 1.8396
1.5963 0.7500 1.8325
1.6034 0.7500 1.8257
1.6101 0.7500 1.8184
1.6167 0.7500 1.8111
1.6232 0.7500 1.8038
1.6293 0.7500 1.7967
1.6353 0.7500 1.7895
1.6411 0.7500 1.7820
1.6466 0.7500 1.7745
1.6519 0.7500 1.7672
1.6571 0.7500 1.7599
1.6623 0.7500 1.7526
1.6670 0.7500 1.7453
1.6716 0.7500 1.7379
1.6758 0.7500 1.7305
1.6802 0.7500 1.7234
1.6842 0.7500 1.7164
1.6881 0.7500 1.7090
1.6919 0.7500 1.7019
1.6953 0.7500 1.6948
1.6986 0.7500 1.6881
1.7018 0.7500 1.6810
1.7046 0.7500 1.6743
1.7073 0.7500 1.6676
1.7102 0.7500 1.6613
1.7137 0.7500 1.6543
1.7168 0.7500 1.6474
1.7197 0.7500 1.6408
1.7225 0.7500 1.6339
1.7252 0.7500 1.6273
1.7280 0.7500 1.6209
1.7302 0.7500 1.6143
1.7324 0.7500 1.6079
1.7344 0.7500 1.6019
1.7364 0.7500 1.5956
1.7381 0.7500 1.5899
1.7398 0.7500 1.5839
1.7416 0.7500 1.5787
1.7438 0.7500 1.5729
1.7500 0.7500 1.5700
1.7500 0.7500 1.5599
1.7500 0.7500 1.5599
1.7500 0.7500 1.5499
1.7500 0.7500 1.5499
1.7500 0.7500 1.5399
1.7500 0.7500 1.5399
1.7500 0.7500 1.5399
1.7500 0.7500 1.5299
1.7500 0.7500 1.5299
1.7500 0.7500 1.5299
1.7500 0.7500 1.5199
1.7500 0.7500 1.5199
1.7500 0.7500 1.5199
1.7500 0.7500 1.5099
1.7500 0.7500 1.5099
1.7500 0.7500 1.5099
1.7500 0.7500 1.5099
1.7500 0.7500 1.5099
1.7500 0.7500 1.5099
1.7500 0.7500 1.5000
1.7500 0.7500 1.5000
1.7500 0.7500 1.5000
1.7500 0.7500 1.5000
1.7500 0.7500 1.5000
1.7500 0.7500 1.5000
1.7500 0.7500 1.5000
1.7500 0.7500 1.5000
1.7500 0.7500 1.5000
1.7500 0.7500 1.5000
1.7500 0.7500 1.5000
1.7500 0.7500 1.5000
1.7500 0.7500 1.5000
1.7500 0.7500 1.5000
1.7500 0.7500 1.5000
1.7500 0.7500 1.5000
1.7500 0.7500 1.5000
1.7500 0.7500 1.5000
1.7500 0.7500 1.5000
1.7500 0.7500 1.5000
1.7500 0.7500 1.5000
1.7500 0.7500 1.5000
1.7500 0.7500 1.5000
1.7500 0.7500 1.5000
1.7500 0.7500 1.5000
1.7500 0.7500 1.5000
1.7500 0.7500 1.5000
1.7500 0.7500 1.5000
1.7500 0.7500 1.5000
1.7500 0.7500 1.5000
1.7500 0.7500 1.5000
1.7500 0.7500 1.5000
1.7500 0.7500 1.4900
1.7500 0.7500 1.4800
1.7500 0.7500 1.4700
1.7500 0.7500 1.4600
1.7500 0.7500 1.4500
1.7500 0.7500 1.4400
1.7500 0.7500 1.4299
1.7500 0.7500 1.4199
1.7500 0.7500 1.4099
1.7500 0.7500 1.3999
1.7500 0.7500 1.3899
1.7500 0.7500 1.3799
1.7500 0.7500 1.3700
1.7500 0.7500 1.3600
1.7500 0.7500 1.3500
1.7500 0.7500 1.3400
1.7500 0.7500 1.3300
1.7500 0.7500 1.3200
1.7500 0.7500 1.3099
1.7500 0.7500 1.2999
1.7500 0.7500 1.2899
1.7500 0.7500 1.2799
1.7500 0.7500 1.2699
1.7500 0.7500 1.2599
1.7500 0.7500 1.2500
1.7500 0.7500 1.2400
1.7500 0.7500 1.2300
1.7500 0.7500 1.2200
1.7500 0.7500 1.2100
1.7500 0.7500 1.2000
1.7500 0.7500 1.1900
1.7500 0.7500 1.1799
1.7500 0.7500 1.1699
1.7500 0.7500 1.1599
1.7500 0.7500 1.1499
1.7500 0.7500 1.1399
1.7500 0.7500 1.1299
1.7500 0.7500 1.1200
1.7500 0.7500 1.1100
1.7500 0.7500 1.1000
1.7500 0.7500 1.0900
1.7500 0.7500 1.0800
1.7500 0.7500 1.0700
1.7500 0.7500 1.0599
1.7500 0.7500 1.0499
1.7500 0.7500 1.0399
1.7500 0.7500 1.0299
1.7500 0.7500 1.0199
1.7500 0.7500 1.0099
1.7500 0.7500 1.0000
1.7500 0.7500 0.9900
1.7500 0.7500 0.9800
1.7500 0.7500 0.9700
1.7500 0.7500 0.9599
1.7500 0.7500 0.9499
1.7500 0.7500 0.9399
1.7500 0.7500 0.9300
1.7500 0.7500 0.9200
1.7500 0.7500 0.9100
1.7500 0.7500 0.8999
1.7500 0.7500 0.8899
1.7500 0.7500 0.8799
1.7500 0.7500 0.8700
1.7500 0.7500 0.8600
1.7500 0.7500 0.8500
1.7500 0.7500 0.8399
1.7500 0.7500 0.8299
1.7500 0.7500 0.8199
1.7500 0.7500 0.8100
1.7500 0.7500 0.8000
1.7500 0.7500 0.7900
1.7500 0.7500 0.7799
1.7500 0.7500 0.7699
1.7500 0.7500 0.7599
1.7500 0.7500 0.7500
1.7500 0.7500 0.7400
1.7500 0.7500 0.7300
1.7500 0.7500 0.7200
1.7500 0.7500 0.7099
1.7500 0.7500 0.6999
1.7500 0.7500 0.6899
1.7500 0.7500 0.6800
1.7500 0.7500 0.6700
1.7500 0.7500 0.6600
1.7500 0.7500 0.6499
1.7500 0.7500 0.6399
1.7500 0.7500 0.6299
1.7500 0.7500 0.6200
1.7500 0.7500 0.6100
1.7500 0.7500 0.6000
1.7500 0.7500 0.5899
1.7500 0.7500 0.5799
1.7500 0.7500 0.5699
1.7500 0.7500 0.5600
1.7500 0.7500 0.5500
1.7500 0.7500 0.5400
1.7500 0.7500 0.5299
1.7500 0.7500 0.5199
1.7500 0.7500 0.5099
1.7500 0.7500 0.5000
1.7500 0.7500 0.4900
1.7500 0.7500 0.4799
1.7500 0.7500 0.4699
1.7500 0.7500 0.4600
1.7500 0.7500 0.4499
1.7500 0.7500 0.4399
1.7500 0.7500 0.4300
1.7500 0.7500 0.4199
1.7500 0.7500 0.4099
1.7500 0.7500 0.4000
1.7500 0.7500 0.3899
1.7500 0.7500 0.3799
1.7500 0.7500 0.3700
1.7500 0.7500 0.3600
1.7500 0.7500 0.3499
1.7500 0.7500 0.3400
1.7500 0.7500 0.3300
1.7500 0.7500 0.3199
1.7500 0.7500 0.3100
1.7500 0.7500 0.3000
1.7500 0.7500 0.2899
1.7500 0.7500 0.2800
1.7500 0.7500 0.2700
1.7500 0.7500 0.2599
1.7500 0.7500 0.2500
1.7500 0.7500 0.2399
1.7500 0.7500 0.2300
1.7500 0.7500 0.2199
1.7500 0.7500 0.2099
1.7500 0.7500 0.2000
1.7500 0.7500 0.1899
1.7500 0.7500 0.1800
1.7500 0.7500 0.1700
1.7500 0.7500 0.1599
1.7500 0.7500 0.1500
1.7500 0.7500 0.1403
1.7500 0.7500 0.1303
1.7500 0.7500 0.1203
1.7500 0.7500 0.1103
1.7500 0.7500 0.1004
1.7500 0.7500 0.0904
1.7500 0.7500 0.0805
1.7500 0.7500 0.0705
1.7500 0.7500 0.0606
1.7500 0.7500 0.0507
1.7500 0.7500 0.0409
1.7500 0.7500 0.0311
1.7500 0.7500 0.0214
1.7500 0.7500 0.0120
1.7500 0.7500 0.0033
