1.7500 1.2500 1.0087
1.7500 1.2500 1.0467
1.7500 1.2500 1.0833
1.7500 1.2500 1.1285
1.7500 1.2500 1.1735
1.7500 1.2500 1.2176
1.7500 1.2500 1.2596
1.7500 1.2500 1.2984
1.7500 1.2500 1.3339
1.7500 1.2500 1.3662
1.7500 1.2500 1.3950
1.7500 1.2500 1.4206
1.7500 1.2500 1.4428
1.7500 1.2500 1.4616
1.7500 1.2500 1.4769
1.7500 1.2500 1.4888
1.7500 1.2500 1.4971
1.7500 1.2500 1.5000
1.7500 1.2500 1.5000
1.7471 1.2547 1.4938
1.7434 1.2602 1.4857
1.7387 1.2668 1.4755
1.7332 1.2748 1.4632
1.7268 1.2845 1.4489
1.7196 1.2961 1.4328
1.7114 1.3097 1.4150
1.7025 1.3249 1.3956
1.6929 1.3413 1.3749
1.6830 1.3585 1.3535
1.6729 1.3763 1.3317
1.6627 1.3940 1.3098
1.6528 1.4115 1.2885
1.6433 1.4282 1.2681
1.6343 1.4439 1.2489
1.6262 1.4578 1.2314
1.6181 1.4719 1.2138
1.6099 1.4859 1.1963
1.6018 1.4999 1.1788
1.5938 1.5139 1.1615
1.5858 1.5278 1.1443
1.5781 1.5414 1.1276
1.5705 1.5547 1.1114
1.5612 1.5713 1.0913
1.5517 1.5882 1.0710
1.5423 1.6050 1.0509
1.5331 1.6212 1.0314
1.5245 1.6365 1.0130
1.5166 1.6507 0.9960
1.5094 1.6635 0.9807
1.5032 1.6745 0.9675
1.4980 1.6837 0.9564
1.4939 1.6912 0.9475
1.4903 1.6975 0.9399
1.4874 1.7026 0.9338
1.4851 1.7068 0.9288
1.4833 1.7100 0.9250
1.4833 1.7100 0.9250
1.4833 1.7100 0.9250
1.4833 1.7100 0.9250
1.4833 1.7100 0.9250
1.4833 1.7100 0.9250
1.4833 1.7100 0.9250
1.4833 1.7100 0.9250
1.4833 1.7100 0.9250
1.4833 1.7100 0.9250
1.4833 1.7100 0.9250
1.4833 1.7100 0.9250
1.4833 1.7100 0.9250
1.4833 1.7100 0.9250
1.4833 1.7100 0.9250
1.4833 1.7100 0.9250
1.4833 1.7100 0.9250
1.4833 1.7100 0.9250
1.4833 1.7100 0.9250
1.4833 1.7100 0.9250
1.4833 1.7100 0.9250
1.4833 1.7100 0.9250
1.4833 1.7100 0.9250
1.4833 1.7100 0.9250
1.4833 1.7099 0.9250
1.4833 1.7099 0.9250
1.4833 1.7099 0.9250
1.4833 1.7098 0.9250
1.4834 1.7097 0.9250
1.4834 1.7096 0.9249
1.4834 1.7095 0.9249
1.4835 1.7094 0.9249
1.4835 1.7092 0.9248
1.4836 1.7089 0.9247
1.4837 1.7086 0.9246
1.4839 1.7083 0.9245
1.4841 1.7079 0.9243
1.4843 1.7074 0.9241
1.4845 1.7068 0.9238
1.4849 1.7061 0.9235
1.4853 1.7053 0.9231
1.4857 1.7044 0.9226
1.4863 1.7035 0.9221
1.4869 1.7024 0.9215
1.4875 1.7011 0.9208
1.4883 1.6998 0.9200
1.4892 1.6983 0.9192
1.4901 1.6966 0.9182
1.4912 1.6948 0.9172
1.4923 1.6927 0.9160
1.4936 1.6906 0.9148
1.4949 1.6882 0.9134
1.4964 1.6857 0.9119
1.4980 1.6829 0.9103
1.4997 1.6800 0.9087
1.5015 1.6769 0.9069
1.5034 1.6735 0.9050
1.5054 1.6699 0.9029
1.5075 1.6661 0.9008
1.5097 1.6620 0.8986
1.5121 1.6577 0.8963
1.5145 1.6532 0.8938
1.5171 1.6484 0.8913
1.5197 1.6434 0.8886
1.5225 1.6381 0.8859
1.5253 1.6325 0.8830
1.5282 1.6267 0.8801
1.5313 1.6206 0.8771
1.5344 1.6142 0.8739
1.5376 1.6076 0.8707
1.5408 1.6006 0.8675
1.5442 1.5934 0.8641
1.5476 1.5859 0.8607
1.5511 1.5780 0.8573
1.5546 1.5699 0.8537
1.5582 1.5615 0.8502
1.5618 1.5527 0.8466
1.5654 1.5437 0.8429
1.5691 1.5343 0.8392
1.5728 1.5246 0.8355
1.5765 1.5146 0.8318
1.5803 1.5043 0.8281
1.5840 1.4936 0.8243
1.5877 1.4826 0.8206
1.5914 1.4713 0.8169
1.5951 1.4596 0.8132
1.5988 1.4476 0.8095
1.6024 1.4353 0.8059
1.6060 1.4227 0.8023
1.6096 1.4097 0.7987
1.6131 1.3964 0.7953
1.6165 1.3827 0.7919
1.6198 1.3688 0.7885
1.6230 1.3545 0.7853
1.6261 1.3399 0.7822
1.6291 1.3249 0.7792
1.6320 1.3097 0.7763
1.6348 1.2941 0.7735
1.6374 1.2783 0.7709
1.6399 1.2621 0.7684
1.6422 1.2456 0.7661
1.6443 1.2288 0.7640
1.6463 1.2118 0.7621
1.6480 1.1944 0.7603
1.6495 1.1768 0.7588
1.6509 1.1589 0.7575
1.6520 1.1407 0.7564
1.6528 1.1224 0.7555
1.6535 1.1037 0.7549
1.6538 1.0848 0.7545
1.6539 1.0657 0.7544
1.6538 1.0464 0.7545
1.6533 1.0269 0.7550
1.6526 1.0072 0.7557
1.6516 0.9873 0.7567
1.6503 0.9672 0.7580
1.6486 0.9470 0.7597
1.6467 0.9266 0.7616
1.6444 0.9061 0.7639
1.6418 0.8855 0.7665
1.6388 0.8648 0.7695
1.6355 0.8440 0.7728
1.6319 0.8231 0.7764
1.6279 0.8022 0.7804
1.6235 0.7812 0.7848
1.6188 0.7602 0.7895
1.6137 0.7392 0.7946
1.6082 0.7183 0.8001
1.6023 0.6974 0.8060
1.5960 0.6765 0.8123
1.5894 0.6558 0.8190
1.5823 0.6351 0.8260
1.5748 0.6145 0.8335
1.5670 0.5941 0.8413
1.5587 0.5738 0.8496
1.5501 0.5538 0.8583
1.5410 0.5339 0.8673
1.5315 0.5142 0.8768
1.5217 0.4948 0.8867
1.5114 0.4757 0.8969
1.5007 0.4568 0.9076
1.4896 0.4383 0.9187
1.4782 0.4200 0.9301
1.4663 0.4021 0.9420
1.4541 0.3846 0.9542
1.4415 0.3674 0.9669
1.4285 0.3507 0.9799
1.4151 0.3344 0.9932
1.4014 0.3185 1.0069
1.3873 0.3031 1.0210
1.3729 0.2882 1.0355
1.3581 0.2738 1.0502
1.3430 0.2599 1.0653
1.3276 0.2466 1.0807
1.3119 0.2338 1.0964
1.2959 0.2216 1.1124
1.2796 0.2100 1.1287
1.2631 0.1990 1.1453
1.2463 0.1886 1.1621
1.2292 0.1789 1.1791
1.2119 0.1699 1.1964
1.1944 0.1615 1.2139
1.1768 0.1539 1.2316
1.1589 0.1469 1.2495
1.1408 0.1407 1.2676
1.1226 0.1352 1.2858
1.1042 0.1304 1.3041
1.0857 0.1264 1.3226
1.0672 0.1231 1.3412
1.0485 0.1206 1.3599
1.0297 0.1189 1.3787
1.0109 0.1180 1.3975
0.9920 0.1178 1.4164
0.9731 0.1185 1.4353
0.9542 0.1199 1.4542
0.9353 0.1222 1.4731
0.9165 0.1252 1.4919
0.8976 0.1290 1.5108
0.8789 0.1337 1.5295
0.8602 0.1391 1.5482
0.8417 0.1453 1.5667
0.8232 0.1524 1.5852
0.8050 0.1602 1.6035
0.7868 0.1687 1.6216
0.7689 0.1781 1.6396
0.7511 0.1882 1.6573
0.7336 0.1991 1.6749
0.7162 0.2108 1.6922
0.6992 0.2232 1.7093
0.6824 0.2363 1.7261
0.6658 0.2501 1.7426
0.6496 0.2647 1.7588
0.6337 0.2799 1.7747
0.6181 0.2958 1.7903
0.6029 0.3124 1.8055
0.5880 0.3296 1.8204
0.5735 0.3474 1.8349
0.5594 0.3659 1.8490
0.5457 0.3849 1.8627
0.5324 0.4045 1.8760
0.5196 0.4247 1.8888
0.5072 0.4453 1.9012
0.4953 0.4665 1.9132
0.4838 0.4882 1.9247
0.4728 0.5103 1.9356
0.4623 0.5328 1.9462
0.4523 0.5558 1.9562
0.4428 0.5792 1.9657
0.4338 0.6030 1.9747
0.4253 0.6271 1.9831
0.4174 0.6515 1.9911
0.4100 0.6762 1.9985
0.4032 0.7012 2.0053
0.3969 0.7265 2.0116
0.3911 0.7520 2.0174
0.3859 0.7776 2.0226
0.3812 0.8035 2.0272
0.3771 0.8295 2.0313
0.3736 0.8557 2.0349
0.3706 0.8819 2.0379
0.3682 0.9082 2.0403
0.3663 0.9346 2.0422
0.3650 0.9609 2.0435
0.3642 0.9873 2.0443
0.3640 1.0136 2.0445
0.3643 1.0399 2.0441
0.3652 1.0661 2.0433
0.3666 1.0922 2.0419
0.3685 1.1181 2.0399
0.3710 1.1440 2.0375
0.3740 1.1696 2.0345
0.3774 1.1950 2.0310
0.3814 1.2202 2.0270
0.3859 1.2452 2.0225
0.3909 1.2699 2.0176
0.3964 1.2943 2.0121
0.4023 1.3184 2.0062
0.4087 1.3422 1.9998
0.4155 1.3656 1.9929
0.4228 1.3887 1.9857
0.4305 1.4115 1.9780
0.4386 1.4338 1.9698
0.4472 1.4557 1.9613
0.4561 1.4772 1.9524
0.4654 1.4982 1.9431
0.4750 1.5188 1.9334
0.4850 1.5390 1.9234
0.4954 1.5587 1.9131
0.5061 1.5779 1.9024
0.5171 1.5966 1.8914
0.5283 1.6148 1.8801
0.5399 1.6326 1.8685
0.5517 1.6498 1.8567
0.5638 1.6665 1.8446
0.5761 1.6827 1.8323
0.5887 1.6983 1.8198
0.6014 1.7135 1.8070
0.6144 1.7281 1.7940
0.6275 1.7421 1.7809
0.6408 1.7556 1.7676
0.6543 1.7686 1.7541
0.6679 1.7810 1.7405
0.6816 1.7929 1.7268
0.6955 1.8043 1.7129
0.7095 1.8151 1.6990
0.7235 1.8254 1.6849
0.7376 1.8351 1.6708
0.7518 1.8443 1.6566
0.7660 1.8529 1.6424
0.7803 1.8610 1.6281
0.7946 1.8686 1.6138
0.8089 1.8757 1.5995
0.8232 1.8823 1.5852
0.8375 1.8883 1.5710
0.8517 1.8939 1.5567
0.8660 1.8990 1.5424
0.8802 1.9036 1.5282
0.8943 1.9077 1.5141
0.9084 1.9114 1.5000
0.9224 1.9146 1.4860
0.9363 1.9174 1.4721
0.9502 1.9198 1.4582
0.9639 1.9217 1.4445
0.9775 1.9233 1.4309
0.9910 1.9244 1.4174
1.0044 1.9252 1.4040
1.0177 1.9256 1.3907
1.0308 1.9256 1.3776
1.0437 1.9253 1.3647
1.0565 1.9247 1.3518
1.0692 1.9238 1.3392
1.0817 1.9225 1.3267
1.0940 1.9209 1.3144
1.1061 1.9191 1.3023
1.1181 1.9170 1.2903
1.1299 1.9147 1.2784
1.1416 1.9122 1.2667
1.1532 1.9094 1.2552
1.1646 1.9064 1.2438
1.1758 1.9032 1.2326
1.1869 1.8999 1.2215
1.1978 1.8963 1.2106
1.2086 1.8926 1.1998
1.2192 1.8887 1.1892
1.2297 1.8847 1.1787
1.2401 1.8805 1.1683
1.2503 1.8762 1.1581
1.2603 1.8717 1.1480
1.2703 1.8670 1.1381
1.2798 1.8625 1.1285
1.2892 1.8576 1.1191
1.2984 1.8529 1.1099
1.3075 1.8479 1.1009
1.3161 1.8431 1.0922
1.3246 1.8380 1.0837
1.3327 1.8331 1.0756
1.3407 1.8280 1.0677
1.3483 1.8230 1.0601
1.3557 1.8178 1.0527
1.3627 1.8128 1.0456
1.3696 1.8077 1.0387
1.3762 1.8027 1.0322
1.3825 1.7979 1.0258
1.3885 1.7929 1.0198
1.3942 1.7883 1.0142
1.3999 1.7836 1.0084
1.4053 1.7793 1.0030
1.4103 1.7747 0.9980
1.4150 1.7704 0.9933
1.4196 1.7661 0.9887
1.4238 1.7622 0.9845
1.4281 1.7583 0.9802
1.4321 1.7547 0.9763
1.4359 1.7512 0.9724
1.4405 1.7472 0.9678
1.4450 1.7432 0.9633
1.4491 1.7395 0.9593
1.4530 1.7359 0.9553
1.4566 1.7323 0.9518
1.4601 1.7292 0.9483
1.4635 1.7261 0.9448
1.4666 1.7229 0.9417
1.4695 1.7197 0.9388
1.4723 1.7172 0.9361
1.4749 1.7151 0.9334
1.4776 1.7131 0.9308
1.4805 1.7116 0.9278
1.4824 1.7105 0.9259
1.4833 1.7100 0.9250
1.4833 1.7100 0.9250
1.4833 1.7100 0.9250
1.4833 1.7100 0.9250
1.4833 1.7100 0.9250
1.4833 1.7100 0.9250
1.4833 1.7100 0.9250
1.4833 1.7100 0.9250
1.4833 1.7100 0.9250
1.4833 1.7100 0.9250
1.4833 1.7100 0.9250
1.4833 1.7100 0.9250
1.4833 1.7100 0.9250
1.4833 1.7100 0.9250
1.4833 1.7100 0.9250
1.4833 1.7100 0.9250
1.4833 1.7100 0.9250
1.4833 1.7100 0.9250
1.4833 1.7100 0.9250
1.4833 1.7100 0.9250
1.4833 1.7100 0.9250
1.4833 1.7100 0.9250
1.4833 1.7100 0.9250
1.4833 1.7100 0.9250
1.4833 1.7100 0.9250
1.4833 1.7100 0.9250
1.4833 1.7100 0.9250
1.4833 1.7100 0.9250
1.4833 1.7100 0.9250
1.4833 1.7100 0.9250
1.4833 1.7100 0.9250
1.4833 1.7100 0.9250
1.4833 1.7100 0.9250
1.4833 1.7100 0.9250
1.4833 1.7100 0.9250
1.4833 1.7100 0.9250
1.4833 1.7100 0.9250
1.4833 1.7100 0.9250
1.4833 1.7100 0.9250
1.4833 1.7100 0.9250
1.4833 1.7100 0.9250
1.4833 1.7100 0.9250
1.4833 1.7100 0.9250
1.4833 1.7100 0.9250
1.4833 1.7100 0.9250
1.4833 1.7100 0.9250
1.4833 1.7100 0.9250
1.4833 1.7100 0.9250
1.4833 1.7100 0.9250
1.4833 1.7100 0.9250
1.4833 1.7100 0.9250
1.4833 1.7100 0.9250
1.4887 1.7158 0.9257
1.4941 1.7217 0.9264
1.4994 1.7276 0.9272
1.5040 1.7325 0.9278
1.5069 1.7357 0.9282
1.5089 1.7379 0.9285
1.5104 1.7395 0.9287
1.5115 1.7407 0.9288
1.5124 1.7417 0.9289
1.5199 1.7500 0.9300
1.5199 1.7500 0.9300
1.5199 1.7500 0.9300
1.5199 1.7500 0.9300
1.5199 1.7500 0.9300
1.5199 1.7500 0.9300
1.5199 1.7500 0.9300
1.5199 1.7500 0.9300
1.5199 1.7500 0.9300
1.5199 1.7500 0.9300
1.5199 1.7500 0.9300
1.5199 1.7500 0.9300
1.5199 1.7500 0.9300
1.5199 1.7500 0.9300
1.5199 1.7500 0.9300
1.5199 1.7500 0.9300
1.5199 1.7500 0.9300
1.5199 1.7500 0.9300
1.5199 1.7500 0.9300
1.5206 1.7500 0.9293
1.5209 1.7496 0.9290
1.5213 1.7493 0.9286
1.5217 1.7490 0.9282
1.5220 1.7486 0.9279
1.5224 1.7479 0.9275
1.5232 1.7472 0.9267
1.5239 1.7465 0.9260
1.5247 1.7454 0.9252
1.5255 1.7443 0.9244
1.5266 1.7431 0.9233
1.5278 1.7416 0.9221
1.5290 1.7400 0.9209
1.5306 1.7381 0.9193
1.5322 1.7358 0.9177
1.5336 1.7334 0.9163
1.5353 1.7306 0.9146
1.5371 1.7277 0.9128
1.5392 1.7248 0.9107
1.5414 1.7214 0.9085
1.5439 1.7176 0.9060
1.5466 1.7138 0.9033
1.5489 1.7098 0.9010
1.5517 1.7054 0.8982
1.5545 1.7009 0.8954
1.5577 1.6959 0.8922
1.5606 1.6905 0.8893
1.5639 1.6850 0.8860
1.5673 1.6790 0.8826
1.5707 1.6726 0.8792
1.5742 1.6661 0.8757
1.5781 1.6590 0.8718
1.5818 1.6519 0.8681
1.5858 1.6446 0.8641
1.5896 1.6365 0.8603
1.5937 1.6283 0.8562
1.5976 1.6200 0.8523
1.6018 1.6111 0.8481
1.6061 1.6018 0.8438
1.6104 1.5920 0.8395
1.6148 1.5821 0.8351
1.6192 1.5716 0.8307
1.6237 1.5607 0.8262
1.6282 1.5496 0.8217
1.6327 1.5380 0.8172
1.6373 1.5262 0.8126
1.6419 1.5143 0.8080
1.6462 1.5019 0.8037
1.6509 1.4890 0.7990
1.6553 1.4756 0.7946
1.6596 1.4620 0.7903
1.6640 1.4479 0.7859
1.6684 1.4333 0.7815
1.6725 1.4185 0.7774
1.6766 1.4033 0.7733
1.6807 1.3878 0.7692
1.6847 1.3719 0.7652
1.6885 1.3558 0.7614
1.6922 1.3392 0.7577
1.6955 1.3221 0.7544
1.6988 1.3048 0.7511
1.7018 1.2873 0.7481
1.7047 1.2690 0.7452
1.7075 1.2505 0.7424
1.7100 1.2319 0.7399
1.7124 1.2127 0.7375
1.7148 1.1934 0.7351
1.7167 1.1739 0.7332
1.7186 1.1539 0.7313
1.7201 1.1338 0.7298
1.7215 1.1131 0.7284
1.7225 1.0923 0.7274
1.7231 1.0711 0.7268
1.7235 1.0496 0.7264
1.7236 1.0280 0.7263
1.7235 1.0063 0.7264
1.7230 0.9841 0.7269
1.7221 0.9617 0.7278
1.7210 0.9395 0.7289
1.7195 0.9169 0.7304
1.7176 0.8942 0.7323
1.7152 0.8713 0.7347
1.7123 0.8484 0.7376
1.7089 0.8249 0.7410
1.7050 0.8018 0.7449
1.7010 0.7785 0.7489
1.6965 0.7551 0.7534
1.6915 0.7316 0.7584
1.6862 0.7084 0.7637
1.6805 0.6848 0.7694
1.6743 0.6615 0.7756
1.6675 0.6381 0.7824
1.6606 0.6150 0.7893
1.6531 0.5919 0.7968
1.6451 0.5688 0.8048
1.6366 0.5459 0.8133
1.6279 0.5231 0.8220
1.6186 0.5005 0.8313
1.6088 0.4780 0.8411
1.5988 0.4559 0.8511
1.5883 0.4341 0.8616
1.5772 0.4123 0.8727
1.5656 0.3909 0.8843
1.5535 0.3700 0.8964
1.5408 0.3490 0.9091
1.5276 0.3288 0.9223
1.5142 0.3091 0.9357
1.5002 0.2898 0.9497
1.4857 0.2706 0.9642
1.4709 0.2518 0.9790
1.4556 0.2335 0.9943
1.4401 0.2160 1.0098
1.4240 0.1990 1.0259
1.4078 0.1825 1.0421
1.3909 0.1669 1.0590
1.3736 0.1517 1.0763
1.3560 0.1371 1.0939
1.3382 0.1231 1.1117
1.3199 0.1099 1.1300
1.3014 0.0974 1.1485
1.2828 0.0857 1.1671
1.2639 0.0746 1.1860
1.2445 0.0642 1.2054
1.2250 0.0543 1.2249
1.2053 0.0457 1.2446
1.1851 0.0378 1.2648
1.1648 0.0308 1.2851
1.1443 0.0245 1.3056
1.1236 0.0189 1.3263
1.1025 0.0143 1.3474
1.0816 0.0103 1.3683
1.0606 0.0073 1.3893
1.0394 0.0051 1.4105
1.0182 0.0042 1.4317
0.9968 0.0040 1.4531
0.9754 0.0049 1.4745
0.9539 0.0065 1.4960
0.9323 0.0091 1.5176
0.9109 0.0125 1.5390
0.8895 0.0169 1.5604
0.8680 0.0221 1.5819
0.8468 0.0284 1.6031
0.8259 0.0354 1.6240
0.8050 0.0432 1.6449
0.7841 0.0524 1.6658
0.7635 0.0623 1.6864
0.7432 0.0730 1.7067
0.7230 0.0848 1.7269
0.7031 0.0974 1.7468
0.6832 0.1107 1.7667
0.6641 0.1251 1.7858
0.6450 0.1400 1.8049
0.6263 0.1559 1.8236
0.6081 0.1726 1.8418
0.5903 0.1903 1.8596
0.5729 0.2088 1.8770
0.5559 0.2280 1.8940
0.5394 0.2480 1.9105
0.5231 0.2688 1.9268
0.5072 0.2902 1.9427
0.4919 0.3121 1.9580
0.4770 0.3347 1.9729
0.4626 0.3580 1.9873
0.4487 0.3819 2.0012
0.4353 0.4066 2.0146
0.4225 0.4316 2.0274
0.4102 0.4570 2.0397
0.3987 0.4830 2.0512
0.3878 0.5097 2.0621
0.3772 0.5367 2.0727
0.3671 0.5640 2.0828
0.3575 0.5916 2.0924
0.3486 0.6198 2.1013
0.3405 0.6482 2.1094
0.3330 0.6769 2.1169
0.3261 0.7058 2.1238
0.3197 0.7350 2.1302
0.3143 0.7647 2.1356
0.3092 0.7946 2.1407
0.3051 0.8243 2.1448
0.3015 0.8543 2.1484
0.2986 0.8843 2.1513
0.2963 0.9146 2.1536
0.2946 0.9450 2.1553
0.2935 0.9748 2.1564
0.2934 1.0047 2.1565
0.2939 1.0348 2.1563
0.2951 1.0649 2.1552
0.2969 1.0944 2.1533
0.2990 1.1239 2.1512
0.3018 1.1535 2.1484
0.3052 1.1828 2.1450
0.3093 1.2121 2.1410
0.3140 1.2407 2.1364
0.3193 1.2690 2.1311
0.3249 1.2972 2.1254
0.3311 1.3250 2.1192
0.3380 1.3525 2.1124
0.3455 1.3795 2.1049
0.3532 1.4061 2.0972
0.3616 1.4326 2.0888
0.3703 1.4587 2.0802
0.3795 1.4839 2.0706
0.3890 1.5087 2.0611
0.3991 1.5334 2.0510
0.4097 1.5573 2.0404
0.4206 1.5806 2.0295
0.4321 1.6034 2.0180
0.4441 1.6254 2.0060
0.4564 1.6472 1.9937
0.4688 1.6684 1.9812
0.4819 1.6888 1.9682
0.4951 1.7086 1.9549
0.5086 1.7278 1.9414
0.5222 1.7465 1.9278
0.5364 1.7645 1.9136
0.5507 1.7820 1.8993
0.5653 1.7986 1.8847
0.5800 1.8148 1.8700
0.5952 1.8305 1.8548
0.6105 1.8453 1.8394
0.6257 1.8594 1.8242
0.6414 1.8729 1.8086
0.6571 1.8858 1.7928
0.6730 1.8981 1.7769
0.6887 1.9097 1.7612
0.7049 1.9207 1.7451
0.7211 1.9311 1.7288
0.7371 1.9409 1.7128
0.7535 1.9500 1.6964
0.7697 1.9585 1.6803
0.7859 1.9664 1.6640
0.8022 1.9736 1.6477
0.8186 1.9805 1.6314
0.8350 1.9865 1.6150
0.8511 1.9919 1.5988
0.8672 1.9969 1.5827
0.8834 2.0017 1.5665
0.8996 2.0055 1.5503
0.9155 2.0091 1.5344
0.9311 2.0120 1.5189
0.9469 2.0143 1.5030
0.9625 2.0161 1.4874
0.9777 2.0175 1.4722
0.9932 2.0184 1.4567
1.0083 2.0190 1.4416
1.0235 2.0190 1.4264
1.0382 2.0184 1.4117
1.0529 2.0176 1.3970
1.0676 2.0162 1.3823
1.0819 2.0149 1.3680
1.0961 2.0131 1.3538
1.1099 2.0107 1.3400
1.1237 2.0078 1.3262
1.1370 2.0049 1.3129
1.1503 2.0016 1.2996
1.1635 1.9980 1.2864
1.1763 1.9943 1.2736
1.1890 1.9903 1.2609
1.2016 1.9859 1.2483
1.2135 1.9813 1.2364
1.2253 1.9766 1.2246
1.2370 1.9716 1.2129
1.2485 1.9666 1.2014
1.2597 1.9614 1.1902
1.2704 1.9561 1.1795
1.2810 1.9503 1.1689
1.2915 1.9447 1.1584
1.3015 1.9391 1.1484
1.3115 1.9333 1.1384
1.3224 1.9279 1.1275
1.3330 1.9224 1.1169
1.3434 1.9168 1.1065
1.3535 1.9109 1.0965
1.3632 1.9049 1.0867
1.3727 1.8989 1.0772
1.3824 1.8932 1.0675
1.3920 1.8870 1.0579
1.4013 1.8809 1.0486
1.4101 1.8750 1.0398
1.4184 1.8684 1.0315
1.4271 1.8620 1.0228
1.4351 1.8561 1.0148
1.4417 1.8487 1.0082
1.4500 1.8400 1.0000
1.4500 1.8400 1.0000
1.4600 1.8300 0.9900
1.4700 1.8200 0.9800
1.4700 1.8200 0.9800
1.4800 1.8099 0.9700
1.4800 1.8099 0.9700
1.4800 1.7999 0.9700
1.4900 1.7999 0.9599
1.4900 1.7899 0.9599
1.5000 1.7899 0.9499
1.5000 1.7799 0.9499
1.5000 1.7799 0.9499
1.5099 1.7799 0.9399
1.5099 1.7699 0.9399
1.5099 1.7699 0.9399
1.5099 1.7699 0.9399
1.5199 1.7599 0.9399
1.5199 1.7599 0.9300
1.5199 1.7599 0.9300
1.5199 1.7599 0.9300
1.5199 1.7500 0.9300
1.5199 1.7500 0.9300
1.5199 1.7500 0.9300
1.5199 1.7500 0.9300
1.5199 1.7500 0.9300
1.5199 1.7500 0.9300
1.5199 1.7500 0.9300
1.5199 1.7500 0.9300
1.5199 1.7500 0.9300
1.5199 1.7500 0.9300
1.5199 1.7500 0.9300
1.5199 1.7500 0.9300
1.5199 1.7500 0.9300
1.5199 1.7500 0.9300
1.5199 1.7500 0.9300
1.5199 1.7500 0.9300
1.5199 1.7500 0.9300
1.5199 1.7500 0.9300
1.5199 1.7500 0.9300
1.5199 1.7500 0.9300
1.5199 1.7500 0.9300
1.5199 1.7500 0.9300
1.5199 1.7500 0.9300
1.5199 1.7500 0.9300
1.5199 1.7500 0.9300
1.5199 1.7500 0.9300
1.5199 1.7500 0.9300
1.5199 1.7500 0.9300
1.5199 1.7500 0.9300
1.5199 1.7500 0.9300
1.5199 1.7500 0.9300
1.5224 1.7446 0.9360
1.5255 1.7379 0.9437
1.5294 1.7293 0.9535
1.5342 1.7190 0.9653
1.5398 1.7068 0.9792
1.5462 1.6928 0.9951
1.5535 1.6770 1.0131
1.5621 1.6593 1.0321
1.5721 1.6398 1.0513
1.5826 1.6192 1.0709
1.5929 1.5982 1.0910
1.6028 1.5775 1.1115
1.6121 1.5576 1.1320
1.6205 1.5392 1.1516
1.6281 1.5222 1.1703
1.6353 1.5066 1.1874
1.6425 1.4910 1.2046
1.6496 1.4755 1.2219
1.6567 1.4602 1.2391
1.6637 1.4450 1.2563
1.6705 1.4300 1.2733
1.6772 1.4154 1.2900
1.6860 1.3970 1.3095
1.6949 1.3781 1.3294
1.7040 1.3591 1.3491
1.7130 1.3403 1.3681
1.7212 1.3227 1.3865
1.7279 1.3067 1.4047
1.7334 1.2929 1.4221
1.7376 1.2817 1.4380
1.7408 1.2728 1.4519
1.7432 1.2662 1.4636
1.7453 1.2608 1.4743
1.7470 1.2566 1.4835
1.7483 1.2535 1.4909
1.7500 1.2500 1.5000
1.7500 1.2500 1.5000
1.7500 1.2500 1.5000
1.7500 1.2500 1.5000
1.7500 1.2500 1.5000
1.7500 1.2500 1.5000
1.7500 1.2500 1.5000
1.7500 1.2500 1.5000
1.7500 1.2500 1.5000
1.7500 1.2500 1.5000
1.7500 1.2500 1.5000
1.7500 1.2500 1.5000
1.7500 1.2500 1.5000
1.7500 1.2500 1.5000
1.7500 1.2500 1.5000
1.7500 1.2500 1.5000
1.7500 1.2500 1.4996
1.7500 1.2500 1.4993
1.7500 1.2500 1.4990
1.7500 1.2500 1.4986
1.7500 1.2500 1.4982
1.7500 1.2500 1.4979
1.7500 1.2500 1.4971
1.7500 1.2500 1.4964
1.7500 1.2500 1.4956
1.7500 1.2500 1.4945
1.7500 1.2500 1.4934
1.7500 1.2500 1.4922
1.7500 1.2500 1.4907
1.7500 1.2500 1.4891
1.7500 1.2500 1.4874
1.7500 1.2500 1.4854
1.7500 1.2500 1.4837
1.7500 1.2500 1.4816
1.7500 1.2500 1.4794
1.7500 1.2500 1.4768
1.7496 1.2500 1.4742
1.7493 1.2500 1.4712
1.7490 1.2500 1.4684
1.7486 1.2500 1.4653
1.7482 1.2500 1.4620
1.7479 1.2500 1.4587
1.7475 1.2500 1.4553
1.7471 1.2500 1.4516
1.7466 1.2500 1.4477
1.7459 1.2500 1.4438
1.7451 1.2500 1.4395
1.7443 1.2500 1.4351
1.7435 1.2500 1.4306
1.7426 1.2500 1.4261
1.7414 1.2500 1.4211
1.7402 1.2500 1.4164
1.7392 1.2500 1.4114
1.7383 1.2500 1.4062
1.7370 1.2500 1.4006
1.7356 1.2500 1.3953
1.7342 1.2500 1.3896
1.7325 1.2500 1.3839
1.7307 1.2500 1.3777
1.7289 1.2500 1.3718
1.7267 1.2500 1.3658
1.7248 1.2500 1.3594
1.7226 1.2500 1.3529
1.7202 1.2500 1.3464
1.7176 1.2500 1.3398
1.7148 1.2500 1.3331
1.7120 1.2500 1.3264
1.7092 1.2500 1.3193
1.7059 1.2500 1.3122
1.7026 1.2500 1.3053
1.6993 1.2500 1.2983
1.6955 1.2500 1.2910
1.6917 1.2500 1.2836
1.6878 1.2500 1.2762
1.6835 1.2500 1.2691
1.6791 1.2500 1.2615
1.6747 1.2500 1.2540
1.6699 1.2500 1.2464
1.6649 1.2500 1.2391
1.6596 1.2500 1.2318
1.6545 1.2500 1.2241
1.6490 1.2500 1.2164
1.6434 1.2500 1.2089
1.6374 1.2500 1.2015
1.6314 1.2500 1.1941
1.6249 1.2500 1.1866
1.6183 1.2500 1.1791
1.6116 1.2500 1.1720
1.6045 1.2500 1.1648
1.5973 1.2500 1.1577
1.5897 1.2500 1.1506
1.5816 1.2500 1.1434
1.5735 1.2500 1.1366
1.5652 1.2500 1.1299
1.5568 1.2500 1.1231
1.5483 1.2500 1.1167
1.5391 1.2500 1.1103
1.5297 1.2500 1.1043
1.5203 1.2500 1.0981
1.5107 1.2500 1.0922
1.5007 1.2500 1.0866
1.4905 1.2500 1.0811
1.4803 1.2500 1.0757
1.4696 1.2500 1.0703
1.4588 1.2500 1.0654
1.4479 1.2500 1.0608
1.4368 1.2500 1.0562
1.4257 1.2500 1.0521
1.4142 1.2500 1.0481
1.4025 1.2500 1.0445
1.3908 1.2500 1.0410
1.3786 1.2500 1.0376
1.3667 1.2500 1.0349
1.3543 1.2500 1.0324
1.3418 1.2500 1.0303
1.3293 1.2500 1.0283
1.3167 1.2500 1.0267
1.3040 1.2500 1.0253
1.2912 1.2500 1.0243
1.2783 1.2500 1.0238
1.2654 1.2500 1.0234
1.2521 1.2500 1.0235
1.2391 1.2500 1.0240
1.2259 1.2500 1.0248
1.2128 1.2500 1.0259
1.1996 1.2500 1.0276
1.1863 1.2500 1.0294
1.1733 1.2500 1.0317
1.1600 1.2500 1.0342
1.1469 1.2500 1.0372
1.1339 1.2500 1.0406
1.1208 1.2500 1.0446
1.1080 1.2500 1.0487
1.0949 1.2500 1.0533
1.0818 1.2500 1.0585
1.0690 1.2500 1.0638
1.0562 1.2500 1.0696
1.0438 1.2500 1.0756
1.0314 1.2500 1.0821
1.0190 1.2500 1.0891
1.0072 1.2500 1.0963
0.9955 1.2500 1.1037
0.9839 1.2500 1.1119
0.9723 1.2500 1.1203
0.9611 1.2500 1.1288
0.9503 1.2500 1.1379
0.9395 1.2500 1.1472
0.9288 1.2500 1.1570
0.9185 1.2500 1.1669
0.9086 1.2500 1.1773
0.8992 1.2500 1.1880
0.8901 1.2500 1.1991
0.8812 1.2500 1.2103
0.8728 1.2500 1.2221
0.8648 1.2500 1.2337
0.8569 1.2500 1.2458
0.8491 1.2500 1.2580
0.8418 1.2500 1.2708
0.8350 1.2500 1.2833
0.8286 1.2500 1.2963
0.8227 1.2500 1.3098
0.8170 1.2500 1.3231
0.8118 1.2500 1.3368
0.8070 1.2500 1.3503
0.8028 1.2500 1.3643
0.7990 1.2500 1.3781
0.7955 1.2500 1.3923
0.7924 1.2500 1.4063
0.7899 1.2500 1.4206
0.7875 1.2500 1.4348
0.7857 1.2500 1.4493
0.7844 1.2500 1.4637
0.7836 1.2500 1.4784
0.7833 1.2500 1.4928
0.7832 1.2500 1.5076
0.7837 1.2500 1.5222
0.7847 1.2500 1.5364
0.7862 1.2500 1.5511
0.7883 1.2500 1.5654
0.7906 1.2500 1.5798
0.7931 1.2500 1.5938
0.7962 1.2500 1.6082
0.7997 1.2500 1.6222
0.8035 1.2500 1.6363
0.8078 1.2500 1.6500
0.8127 1.2500 1.6638
0.8181 1.2500 1.6771
0.8240 1.2500 1.6905
0.8301 1.2500 1.7034
0.8365 1.2500 1.7164
0.8434 1.2500 1.7289
0.8508 1.2500 1.7414
0.8584 1.2500 1.7538
0.8662 1.2500 1.7655
0.8742 1.2500 1.7771
0.8830 1.2500 1.7886
0.8921 1.2500 1.7998
0.9013 1.2500 1.8104
0.9110 1.2500 1.8210
0.9209 1.2500 1.8312
0.9314 1.2500 1.8412
0.9420 1.2500 1.8508
0.9524 1.2500 1.8600
0.9633 1.2500 1.8690
0.9744 1.2500 1.8776
0.9856 1.2500 1.8857
0.9973 1.2500 1.8933
1.0088 1.2500 1.9008
1.0207 1.2500 1.9078
1.0328 1.2500 1.9146
1.0450 1.2500 1.9210
1.0574 1.2500 1.9269
1.0698 1.2500 1.9326
1.0826 1.2500 1.9378
1.0953 1.2500 1.9426
1.1080 1.2500 1.9471
1.1208 1.2500 1.9512
1.1337 1.2500 1.9547
1.1466 1.2500 1.9581
1.1596 1.2500 1.9610
1.1727 1.2500 1.9637
1.1858 1.2500 1.9659
1.1987 1.2500 1.9679
1.2119 1.2500 1.9691
1.2248 1.2500 1.9701
1.2378 1.2500 1.9709
1.2508 1.2500 1.9713
1.2635 1.2500 1.9714
1.2762 1.2500 1.9710
1.2889 1.2500 1.9705
1.3016 1.2500 1.9695
1.3143 1.2500 1.9679
1.3266 1.2500 1.9662
1.3390 1.2500 1.9643
1.3513 1.2500 1.9623
1.3633 1.2500 1.9597
1.3753 1.2500 1.9567
1.3872 1.2500 1.9538
1.3991 1.2500 1.9504
1.4103 1.2500 1.9469
1.4214 1.2500 1.9430
1.4325 1.2500 1.9388
1.4435 1.2500 1.9346
1.4545 1.2500 1.9298
1.4651 1.2500 1.9250
1.4753 1.2500 1.9199
1.4854 1.2500 1.9148
1.4951 1.2500 1.9095
1.5048 1.2500 1.9038
1.5143 1.2500 1.8980
1.5234 1.2500 1.8921
1.5325 1.2500 1.8860
1.5411 1.2500 1.8799
1.5496 1.2500 1.8733
1.5577 1.2500 1.8666
1.5660 1.2500 1.8601
1.5739 1.2500 1.8536
1.5817 1.2500 1.8467
1.5890 1.2500 1.8396
1.5963 1.2500 1.8325
1.6034 1.2500 1.8257
1.6101 1.2500 1.8184
1.6167 1.2500 1.8111
1.6232 1.2500 1.8038
1.6293 1.2500 1.7967
1.6353 1.2500 1.7895
1.6411 1.2500 1.7820
1.6466 1.2500 1.7745
1.6519 1.2500 1.7672
1.6571 1.2500 1.7599
1.6623 1.2500 1.7526
1.6670 1.2500 1.7453
1.6716 1.2500 1.7379
1.6758 1.2500 1.7305
1.6802 1.2500 1.7234
1.6842 1.2500 1.7164
1.6881 1.2500 1.7090
1.6919 1.2500 1.7019
1.6953 1.2500 1.6948
1.6986 1.2500 1.6881
1.7018 1.2500 1.6810
1.7046 1.2500 1.6743
1.7073 1.2500 1.6676
1.7102 1.2500 1.6613
1.7137 1.2500 1.6543
1.7168 1.2500 1.6474
1.7197 1.2500 1.6408
1.7225 1.2500 1.6339
1.7252 1.2500 1.6273
1.7280 1.2500 1.6209
1.7302 1.2500 1.6143
1.7324 1.2500 1.6079
1.7344 1.2500 1.6019
1.7364 1.2500 1.5956
1.7381 1.2500 1.5899
1.7398 1.2500 1.5839
1.7416 1.2500 1.5787
1.7438 1.2500 1.5729
1.7500 1.2500 1.5700
1.7500 1.2500 1.5599
1.7500 1.2500 1.5599
1.7500 1.2500 1.5499
1.7500 1.2500 1.5499
1.7500 1.2500 1.5399
1.7500 1.2500 1.5399
1.7500 1.2500 1.5399
1.7500 1.2500 1.5299
1.7500 1.2500 1.5299
1.7500 1.2500 1.5299
1.7500 1.2500 1.5199
1.7500 1.2500 1.5199
1.7500 1.2500 1.5199
1.7500 1.2500 1.5099
1.7500 1.2500 1.5099
1.7500 1.2500 1.5099
1.7500 1.2500 1.5099
1.7500 1.2500 1.5099
1.7500 1.2500 1.5099
1.7500 1.2500 1.5000
1.7500 1.2500 1.5000
1.7500 1.2500 1.5000
1.7500 1.2500 1.5000
1.7500 1.2500 1.5000
1.7500 1.2500 1.5000
1.7500 1.2500 1.5000
1.7500 1.2500 1.5000
1.7500 1.2500 1.5000
1.7500 1.2500 1.5000
1.7500 1.2500 1.5000
1.7500 1.2500 1.5000
1.7500 1.2500 1.5000
1.7500 1.2500 1.5000
1.7500 1.2500 1.5000
1.7500 1.2500 1.5000
1.7500 1.2500 1.5000
1.7500 1.2500 1.5000
1.7500 1.2500 1.5000
1.7500 1.2500 1.5000
1.7500 1.2500 1.5000
1.7500 1.2500 1.5000
1.7500 1.2500 1.5000
1.7500 1.2500 1.5000
1.7500 1.2500 1.5000
1.7500 1.2500 1.5000
1.7500 1.2500 1.5000
1.7500 1.2500 1.5000
1.7500 1.2500 1.5000
1.7500 1.2500 1.5000
1.7500 1.2500 1.5000
1.7500 1.2500 1.5000
1.7500 1.2500 1.4900
1.7500 1.2500 1.4800
1.7500 1.2500 1.4700
1.7500 1.2500 1.4600
1.7500 1.2500 1.4500
1.7500 1.2500 1.4400
1.7500 1.2500 1.4299
1.7500 1.2500 1.4199
1.7500 1.2500 1.4099
1.7500 1.2500 1.3999
1.7500 1.2500 1.3899
1.7500 1.2500 1.3799
1.7500 1.2500 1.3700
1.7500 1.2500 1.3600
1.7500 1.2500 1.3500
1.7500 1.2500 1.3400
1.7500 1.2500 1.3300
1.7500 1.2500 1.3200
1.7500 1.2500 1.3099
1.7500 1.2500 1.2999
1.7500 1.2500 1.2899
1.7500 1.2500 1.2799
1.7500 1.2500 1.2699
1.7500 1.2500 1.2599
1.7500 1.2500 1.2500
1.7500 1.2500 1.2400
1.7500 1.2500 1.2300
1.7500 1.2500 1.2200
1.7500 1.2500 1.2100
1.7500 1.2500 1.2000
1.7500 1.2500 1.1900
1.7500 1.2500 1.1799
1.7500 1.2500 1.1699
1.7500 1.2500 1.1599
1.7500 1.2500 1.1499
1.7500 1.2500 1.1399
1.7500 1.2500 1.1299
1.7500 1.2500 1.1200
1.7500 1.2500 1.1100
1.7500 1.2500 1.1000
1.7500 1.2500 1.0900
1.7500 1.2500 1.0800
1.7500 1.2500 1.0700
1.7500 1.2500 1.0599
1.7500 1.2500 1.0499
1.7500 1.2500 1.0399
1.7500 1.2500 1.0299
1.7500 1.2500 1.0199
1.7500 1.2500 1.0099
1.7500 1.2500 1.0000
1.7500 1.2500 0.9900
1.7500 1.2500 0.9800
1.7500 1.2500 0.9700
1.7500 1.2500 0.9599
1.7500 1.2500 0.9499
1.7500 1.2500 0.9399
1.7500 1.2500 0.9300
1.7500 1.2500 0.9200
1.7500 1.2500 0.9100
1.7500 1.2500 0.8999
1.7500 1.2500 0.8899
1.7500 1.2500 0.8799
1.7500 1.2500 0.8700
1.7500 1.2500 0.8600
1.7500 1.2500 0.8500
1.7500 1.2500 0.8399
1.7500 1.2500 0.8299
1.7500 1.2500 0.8199
1.7500 1.2500 0.8100
1.7500 1.2500 0.8000
1.7500 1.2500 0.7900
1.7500 1.2500 0.7799
1.7500 1.2500 0.7699
1.7500 1.2500 0.7599
1.7500 1.2500 0.7500
1.7500 1.2500 0.7400
1.7500 1.2500 0.7300
1.7500 1.2500 0.7200
1.7500 1.2500 0.7099
1.7500 1.2500 0.6999
1.7500 1.2500 0.6899
1.7500 1.2500 0.6800
1.7500 1.2500 0.6700
1.7500 1.2500 0.6600
1.7500 1.2500 0.6499
1.7500 1.2500 0.6399
1.7500 1.2500 0.6299
1.7500 1.2500 0.6200
1.7500 1.2500 0.6100
1.7500 1.2500 0.6000
1.7500 1.2500 0.5899
1.7500 1.2500 0.5799
1.7500 1.2500 0.5699
1.7500 1.2500 0.5600
1.7500 1.2500 0.5500
1.7500 1.2500 0.5400
1.7500 1.2500 0.5299
1.7500 1.2500 0.5199
1.7500 1.2500 0.5099
1.7500 1.2500 0.5000
1.7500 1.2500 0.4900
1.7500 1.2500 0.4799
1.7500 1.2500 0.4699
1.7500 1.2500 0.4600
1.7500 1.2500 0.4499
1.7500 1.2500 0.4399
1.7500 1.2500 0.4300
1.7500 1.2500 0.4199
1.7500 1.2500 0.4099
1.7500 1.2500 0.4000
1.7500 1.2500 0.3899
1.7500 1.2500 0.3799
1.7500 1.2500 0.3700
1.7500 1.2500 0.3600
1.7500 1.2500 0.3499
1.7500 1.2500 0.3400
1.7500 1.2500 0.3300
1.7500 1.2500 0.3199
1.7500 1.2500 0.3100
1.7500 1.2500 0.3000
1.7500 1.2500 0.2899
1.7500 1.2500 0.2800
1.7500 1.2500 0.2700
1.7500 1.2500 0.2599
1.7500 1.2500 0.2500
1.7500 1.2500 0.2399
1.7500 1.2500 0.2300
1.7500 1.2500 0.2199
1.7500 1.2500 0.2099
1.7500 1.2500 0.2000
1.7500 1.2500 0.1899
1.7500 1.2500 0.1800
1.7500 1.2500 0.1700
1.7500 1.2500 0.1599
1.7500 1.2500 0.1500
1.7500 1.2500 0.1403
1.7500 1.2500 0.1303
1.7500 1.2500 0.1203
1.7500 1.2500 0.1103
1.7500 1.2500 0.1004
1.7500 1.2500 0.0904
1.7500 1.2500 0.0805
1.7500 1.2500 0.0705
1.7500 1.2500 0.0606
1.7500 1.2500 0.0507
1.7500 1.2500 0.0409
1.7500 1.2500 0.0311
1.7500 1.2500 0.0214
1.7500 1.2500 0.0120
1.7500 1.2500 0.0033
