1.7500 1.7500 1.0087
1.7500 1.7500 1.0467
1.7500 1.7500 1.0833
1.7500 1.7500 1.1285
1.7500 1.7500 1.1735
1.7500 1.7500 1.2176
1.7500 1.7500 1.2596
1.7500 1.7500 1.2984
1.7500 1.7500 1.3339
1.7500 1.7500 1.3662
1.7500 1.7500 1.3950
1.7500 1.7500 1.4206
1.7500 1.7500 1.4428
1.7500 1.7500 1.4616
1.7500 1.7500 1.4769
1.7500 1.7500 1.4888
1.7500 1.7500 1.4971
1.7500 1.7500 1.5000
1.7500 1.7500 1.5000
1.7421 1.7527 1.4992
1.7323 1.7567 1.4983
1.7201 1.7621 1.4972
1.7054 1.7685 1.4960
1.6879 1.7756 1.4945
1.6676 1.7832 1.4927
1.6446 1.7913 1.4906
1.6189 1.7999 1.4883
1.5915 1.8089 1.4857
1.5628 1.8181 1.4830
1.5334 1.8275 1.4801
1.5039 1.8368 1.4773
1.4750 1.8459 1.4746
1.4473 1.8546 1.4719
1.4214 1.8628 1.4694
1.3980 1.8704 1.4672
1.3745 1.8780 1.4650
1.3510 1.8857 1.4628
1.3276 1.8933 1.4605
1.3044 1.9007 1.4583
1.2813 1.9081 1.4561
1.2587 1.9152 1.4540
1.2367 1.9221 1.4519
1.2094 1.9306 1.4493
1.1816 1.9390 1.4466
1.1540 1.9474 1.4439
1.1273 1.9555 1.4413
1.1021 1.9632 1.4388
1.0787 1.9703 1.4365
1.0578 1.9767 1.4345
1.0396 1.9822 1.4327
1.0245 1.9868 1.4313
1.0122 1.9905 1.4301
1.0018 1.9937 1.4291
0.9934 1.9963 1.4282
0.9866 1.9983 1.4276
0.9813 2.0000 1.4271
0.9813 2.0000 1.4271
0.9813 2.0000 1.4271
0.9813 2.0000 1.4271
0.9813 2.0000 1.4271
0.9813 2.0000 1.4271
0.9813 2.0000 1.4271
0.9813 2.0000 1.4271
0.9813 2.0000 1.4271
0.9813 2.0000 1.4271
0.9813 2.0000 1.4271
0.9813 2.0000 1.4271
0.9813 2.0000 1.4271
0.9813 2.0000 1.4271
0.9813 2.0000 1.4271
0.9813 2.0000 1.4271
0.9813 2.0000 1.4271
0.9813 2.0000 1.4271
0.9813 2.0000 1.4271
0.9813 2.0000 1.4271
0.9813 2.0000 1.4271
0.9813 2.0000 1.4271
0.9813 2.0000 1.4271
0.9813 2.0000 1.4271
0.9813 2.0000 1.4271
0.9813 2.0000 1.4271
0.9814 2.0000 1.4270
0.9814 2.0000 1.4270
0.9814 2.0000 1.4270
0.9815 2.0000 1.4269
0.9816 2.0000 1.4268
0.9817 2.0000 1.4267
0.9818 2.0000 1.4265
0.9820 2.0000 1.4264
0.9823 2.0000 1.4261
0.9825 2.0000 1.4259
0.9829 2.0000 1.4255
0.9833 2.0000 1.4251
0.9838 2.0000 1.4246
0.9843 2.0000 1.4240
0.9850 2.0000 1.4234
0.9858 2.0000 1.4226
0.9866 1.9999 1.4218
0.9876 1.9999 1.4208
0.9887 1.9999 1.4197
0.9899 1.9998 1.4185
0.9913 1.9998 1.4171
0.9928 1.9997 1.4156
0.9944 1.9996 1.4140
0.9962 1.9995 1.4122
0.9982 1.9994 1.4102
1.0003 1.9992 1.4081
1.0026 1.9990 1.4058
1.0051 1.9988 1.4033
1.0077 1.9985 1.4007
1.0105 1.9981 1.3979
1.0135 1.9978 1.3949
1.0167 1.9973 1.3917
1.0201 1.9968 1.3883
1.0236 1.9963 1.3847
1.0274 1.9957 1.3810
1.0314 1.9950 1.3770
1.0356 1.9942 1.3728
1.0399 1.9934 1.3685
1.0445 1.9924 1.3639
1.0493 1.9914 1.3591
1.0543 1.9902 1.3541
1.0594 1.9890 1.3490
1.0648 1.9876 1.3436
1.0704 1.9861 1.3380
1.0761 1.9845 1.3322
1.0821 1.9828 1.3263
1.0883 1.9809 1.3201
1.0947 1.9788 1.3137
1.1012 1.9766 1.3071
1.1080 1.9742 1.3004
1.1149 1.9717 1.2935
1.1220 1.9689 1.2863
1.1294 1.9660 1.2790
1.1368 1.9629 1.2715
1.1445 1.9596 1.2639
1.1523 1.9560 1.2561
1.1603 1.9522 1.2481
1.1684 1.9482 1.2399
1.1768 1.9439 1.2316
1.1852 1.9394 1.2231
1.1938 1.9346 1.2145
1.2026 1.9296 1.2058
1.2115 1.9242 1.1969
1.2205 1.9186 1.1879
1.2296 1.9127 1.1788
1.2388 1.9065 1.1695
1.2482 1.8999 1.1602
1.2576 1.8930 1.1507
1.2671 1.8858 1.1412
1.2767 1.8782 1.1316
1.2864 1.8703 1.1219
1.2962 1.8620 1.1122
1.3059 1.8534 1.1024
1.3158 1.8444 1.0926
1.3257 1.8350 1.0827
1.3355 1.8252 1.0728
1.3454 1.8150 1.0629
1.3553 1.8045 1.0530
1.3652 1.7935 1.0431
1.3751 1.7822 1.0332
1.3850 1.7704 1.0234
1.3948 1.7582 1.0136
1.4045 1.7457 1.0038
1.4143 1.7327 0.9941
1.4239 1.7193 0.9845
1.4334 1.7055 0.9749
1.4429 1.6912 0.9654
1.4522 1.6765 0.9561
1.4615 1.6615 0.9469
1.4705 1.6460 0.9378
1.4795 1.6300 0.9288
1.4883 1.6137 0.9200
1.4970 1.5969 0.9114
1.5054 1.5798 0.9029
1.5137 1.5622 0.8946
1.5218 1.5442 0.8866
1.5296 1.5258 0.8787
1.5373 1.5071 0.8711
1.5446 1.4879 0.8637
1.5518 1.4683 0.8565
1.5586 1.4484 0.8497
1.5652 1.4281 0.8431
1.5715 1.4074 0.8368
1.5775 1.3864 0.8308
1.5832 1.3651 0.8251
1.5886 1.3434 0.8198
1.5936 1.3215 0.8147
1.5982 1.2992 0.8101
1.6025 1.2766 0.8058
1.6065 1.2538 0.8019
1.6100 1.2307 0.7983
1.6131 1.2073 0.7952
1.6159 1.1837 0.7924
1.6182 1.1599 0.7901
1.6201 1.1359 0.7882
1.6216 1.1118 0.7867
1.6226 1.0874 0.7857
1.6232 1.0629 0.7851
1.6233 1.0383 0.7850
1.6230 1.0136 0.7853
1.6222 0.9888 0.7861
1.6209 0.9640 0.7874
1.6192 0.9391 0.7892
1.6169 0.9141 0.7914
1.6142 0.8892 0.7941
1.6109 0.8643 0.7974
1.6072 0.8395 0.8011
1.6030 0.8147 0.8053
1.5982 0.7900 0.8101
1.5930 0.7654 0.8153
1.5873 0.7410 0.8211
1.5810 0.7167 0.8273
1.5743 0.6926 0.8340
1.5671 0.6687 0.8412
1.5594 0.6451 0.8489
1.5512 0.6217 0.8571
1.5425 0.5986 0.8659
1.5333 0.5758 0.8750
1.5236 0.5533 0.8847
1.5135 0.5311 0.8948
1.5029 0.5093 0.9054
1.4919 0.4880 0.9165
1.4803 0.4670 0.9280
1.4684 0.4465 0.9400
1.4560 0.4265 0.9524
1.4432 0.4069 0.9652
1.4299 0.3879 0.9784
1.4163 0.3694 0.9921
1.4022 0.3514 1.0062
1.3877 0.3340 1.0206
1.3729 0.3172 1.0355
1.3577 0.3011 1.0507
1.3421 0.2855 1.0662
1.3262 0.2706 1.0822
1.3100 0.2564 1.0984
1.2934 0.2429 1.1150
1.2765 0.2300 1.1318
1.2594 0.2179 1.1489
1.2420 0.2065 1.1663
1.2244 0.1959 1.1840
1.2065 0.1860 1.2018
1.1884 0.1769 1.2199
1.1701 0.1685 1.2382
1.1517 0.1609 1.2567
1.1331 0.1542 1.2753
1.1143 0.1482 1.2941
1.0954 0.1430 1.3130
1.0765 0.1387 1.3319
1.0574 0.1352 1.3510
1.0383 0.1325 1.3701
1.0191 0.1307 1.3893
1.0000 0.1296 1.4084
0.9808 0.1294 1.4276
0.9616 0.1300 1.4468
0.9425 0.1315 1.4659
0.9234 0.1338 1.4850
0.9044 0.1369 1.5040
0.8854 0.1408 1.5230
0.8666 0.1455 1.5418
0.8479 0.1511 1.5605
0.8294 0.1574 1.5790
0.8110 0.1645 1.5975
0.7927 0.1724 1.6157
0.7747 0.1810 1.6337
0.7569 0.1904 1.6515
0.7393 0.2006 1.6691
0.7219 0.2115 1.6865
0.7048 0.2231 1.7036
0.6880 0.2354 1.7204
0.6714 0.2484 1.7370
0.6552 0.2620 1.7532
0.6393 0.2763 1.7691
0.6237 0.2913 1.7847
0.6085 0.3069 1.8000
0.5936 0.3230 1.8149
0.5791 0.3398 1.8294
0.5649 0.3571 1.8435
0.5512 0.3750 1.8572
0.5379 0.3934 1.8706
0.5250 0.4123 1.8835
0.5125 0.4317 1.8960
0.5004 0.4515 1.9080
0.4888 0.4718 1.9197
0.4776 0.4925 1.9308
0.4669 0.5136 1.9416
0.4567 0.5350 1.9518
0.4469 0.5568 1.9616
0.4376 0.5789 1.9709
0.4287 0.6013 1.9797
0.4204 0.6240 1.9881
0.4125 0.6470 1.9959
0.4052 0.6702 2.0033
0.3983 0.6936 2.0102
0.3919 0.7172 2.0166
0.3860 0.7409 2.0225
0.3806 0.7648 2.0279
0.3756 0.7888 2.0328
0.3712 0.8129 2.0373
0.3672 0.8371 2.0412
0.3638 0.8613 2.0447
0.3608 0.8855 2.0477
0.3583 0.9098 2.0502
0.3562 0.9340 2.0523
0.3546 0.9582 2.0539
0.3535 0.9823 2.0550
0.3528 1.0064 2.0557
0.3526 1.0304 2.0559
0.3528 1.0542 2.0557
0.3534 1.0780 2.0551
0.3545 1.1015 2.0540
0.3559 1.1250 2.0525
0.3578 1.1482 2.0507
0.3601 1.1713 2.0484
0.3627 1.1941 2.0457
0.3658 1.2167 2.0427
0.3692 1.2390 2.0393
0.3730 1.2611 2.0355
0.3771 1.2830 2.0314
0.3816 1.3046 2.0269
0.3864 1.3258 2.0221
0.3915 1.3468 2.0170
0.3969 1.3675 2.0115
0.4027 1.3879 2.0058
0.4087 1.4079 1.9998
0.4150 1.4276 1.9935
0.4216 1.4469 1.9869
0.4284 1.4659 1.9801
0.4355 1.4845 1.9730
0.4428 1.5027 1.9657
0.4503 1.5206 1.9582
0.4580 1.5381 1.9504
0.4659 1.5552 1.9425
0.4741 1.5719 1.9344
0.4823 1.5882 1.9261
0.4908 1.6041 1.9177
0.4994 1.6196 1.9091
0.5081 1.6348 1.9003
0.5170 1.6495 1.8914
0.5260 1.6638 1.8825
0.5351 1.6777 1.8734
0.5443 1.6913 1.8642
0.5535 1.7044 1.8549
0.5628 1.7172 1.8456
0.5722 1.7295 1.8362
0.5816 1.7415 1.8268
0.5911 1.7531 1.8173
0.6006 1.7643 1.8078
0.6101 1.7752 1.7983
0.6197 1.7857 1.7888
0.6292 1.7959 1.7792
0.6388 1.8058 1.7696
0.6484 1.8154 1.7601
0.6579 1.8247 1.7505
0.6675 1.8338 1.7409
0.6770 1.8425 1.7314
0.6866 1.8509 1.7219
0.6961 1.8591 1.7124
0.7055 1.8670 1.7029
0.7150 1.8747 1.6934
0.7244 1.8821 1.6840
0.7338 1.8893 1.6746
0.7432 1.8962 1.6652
0.7525 1.9028 1.6559
0.7617 1.9091 1.6467
0.7708 1.9151 1.6376
0.7798 1.9207 1.6286
0.7885 1.9263 1.6199
0.7971 1.9316 1.6113
0.8056 1.9365 1.6029
0.8139 1.9412 1.5945
0.8220 1.9456 1.5865
0.8299 1.9497 1.5785
0.8377 1.9536 1.5707
0.8451 1.9572 1.5633
0.8525 1.9605 1.5559
0.8597 1.9636 1.5487
0.8665 1.9664 1.5419
0.8733 1.9690 1.5351
0.8797 1.9715 1.5287
0.8858 1.9738 1.5226
0.8917 1.9760 1.5167
0.8974 1.9781 1.5110
0.9030 1.9798 1.5054
0.9082 1.9813 1.5002
0.9134 1.9828 1.4950
0.9182 1.9841 1.4902
0.9229 1.9854 1.4855
0.9272 1.9865 1.4812
0.9325 1.9882 1.4759
0.9377 1.9897 1.4707
0.9425 1.9911 1.4659
0.9469 1.9923 1.4615
0.9512 1.9934 1.4572
0.9552 1.9944 1.4532
0.9591 1.9953 1.4492
0.9632 1.9963 1.4452
0.9666 1.9971 1.4418
0.9699 1.9978 1.4385
0.9732 1.9985 1.4352
0.9764 1.9990 1.4320
0.9787 1.9995 1.4297
0.9805 1.9998 1.4279
0.9813 2.0000 1.4271
0.9813 2.0000 1.4271
0.9813 2.0000 1.4271
0.9813 2.0000 1.4271
0.9813 2.0000 1.4271
0.9813 2.0000 1.4271
0.9813 2.0000 1.4271
0.9813 2.0000 1.4271
0.9813 2.0000 1.4271
0.9813 2.0000 1.4271
0.9813 2.0000 1.4271
0.9813 2.0000 1.4271
0.9813 2.0000 1.4271
0.9813 2.0000 1.4271
0.9813 2.0000 1.4271
0.9813 2.0000 1.4271
0.9813 2.0000 1.4271
0.9813 2.0000 1.4271
0.9813 2.0000 1.4271
0.9813 2.0000 1.4271
0.9813 2.0000 1.4271
0.9813 2.0000 1.4271
0.9813 2.0000 1.4271
0.9813 2.0000 1.4271
0.9813 2.0000 1.4271
0.9813 2.0000 1.4271
0.9813 2.0000 1.4271
0.9813 2.0000 1.4271
0.9813 2.0000 1.4271
0.9813 2.0000 1.4271
0.9813 2.0000 1.4271
0.9813 2.0000 1.4271
0.9813 2.0000 1.4271
0.9813 2.0000 1.4271
0.9813 2.0000 1.4271
0.9813 2.0000 1.4271
0.9813 2.0000 1.4271
0.9813 2.0000 1.4271
0.9813 2.0000 1.4271
0.9813 2.0000 1.4271
0.9813 2.0000 1.4271
0.9813 2.0000 1.4271
0.9813 2.0000 1.4271
0.9813 2.0000 1.4271
0.9813 2.0000 1.4271
0.9813 2.0000 1.4271
0.9813 2.0000 1.4271
0.9813 2.0000 1.4271
0.9813 2.0000 1.4271
0.9813 2.0000 1.4271
0.9813 2.0000 1.4271
0.9813 2.0000 1.4271
0.9816 1.9918 1.4281
0.9820 1.9816 1.4295
0.9824 1.9690 1.4311
0.9829 1.9540 1.4331
0.9835 1.9369 1.4354
0.9841 1.9192 1.4377
0.9847 1.9022 1.4399
0.9852 1.8868 1.4419
0.9857 1.8729 1.4438
0.9888 1.7844 1.4554
0.9892 1.7721 1.4570
0.9895 1.7625 1.4583
0.9898 1.7553 1.4593
0.9900 1.7500 1.4600
0.9900 1.7500 1.4600
0.9900 1.7500 1.4600
0.9900 1.7500 1.4600
0.9900 1.7500 1.4600
0.9900 1.7500 1.4600
0.9900 1.7500 1.4600
0.9900 1.7500 1.4600
0.9900 1.7500 1.4600
0.9900 1.7500 1.4600
0.9900 1.7500 1.4600
0.9900 1.7500 1.4600
0.9900 1.7500 1.4600
0.9900 1.7500 1.4600
0.9900 1.7500 1.4600
0.9906 1.7500 1.4593
0.9909 1.7500 1.4590
0.9913 1.7500 1.4586
0.9917 1.7500 1.4582
0.9920 1.7500 1.4579
0.9924 1.7500 1.4575
0.9932 1.7500 1.4567
0.9939 1.7500 1.4560
0.9947 1.7500 1.4552
0.9955 1.7500 1.4544
0.9966 1.7500 1.4533
0.9978 1.7500 1.4521
0.9990 1.7500 1.4509
1.0006 1.7500 1.4493
1.0022 1.7500 1.4477
1.0039 1.7500 1.4460
1.0056 1.7500 1.4443
1.0074 1.7500 1.4425
1.0095 1.7500 1.4404
1.0117 1.7500 1.4382
1.0143 1.7496 1.4356
1.0169 1.7493 1.4330
1.0196 1.7490 1.4303
1.0224 1.7486 1.4275
1.0256 1.7482 1.4243
1.0291 1.7479 1.4208
1.0324 1.7475 1.4175
1.0361 1.7471 1.4138
1.0399 1.7463 1.4100
1.0437 1.7456 1.4062
1.0480 1.7448 1.4019
1.0520 1.7440 1.3979
1.0564 1.7428 1.3935
1.0612 1.7416 1.3887
1.0661 1.7404 1.3838
1.0711 1.7391 1.3788
1.0761 1.7378 1.3738
1.0816 1.7364 1.3683
1.0871 1.7347 1.3628
1.0928 1.7330 1.3571
1.0985 1.7312 1.3514
1.1043 1.7291 1.3456
1.1105 1.7269 1.3394
1.1167 1.7243 1.3332
1.1231 1.7220 1.3268
1.1295 1.7193 1.3204
1.1360 1.7162 1.3139
1.1429 1.7130 1.3070
1.1499 1.7098 1.3000
1.1569 1.7062 1.2933
1.1637 1.7025 1.2865
1.1709 1.6984 1.2793
1.1782 1.6943 1.2721
1.1855 1.6897 1.2648
1.1929 1.6850 1.2574
1.2006 1.6802 1.2497
1.2081 1.6750 1.2422
1.2156 1.6697 1.2347
1.2232 1.6640 1.2271
1.2308 1.6582 1.2195
1.2388 1.6520 1.2115
1.2469 1.6453 1.2035
1.2547 1.6385 1.1957
1.2625 1.6312 1.1880
1.2703 1.6239 1.1801
1.2781 1.6164 1.1720
1.2863 1.6081 1.1638
1.2942 1.5997 1.1558
1.3022 1.5912 1.1479
1.3101 1.5822 1.1399
1.3178 1.5731 1.1323
1.3254 1.5631 1.1246
1.3334 1.5531 1.1166
1.3411 1.5425 1.1090
1.3488 1.5319 1.1013
1.3564 1.5207 1.0936
1.3638 1.5090 1.0862
1.3711 1.4975 1.0789
1.3784 1.4856 1.0716
1.3857 1.4731 1.0643
1.3927 1.4602 1.0573
1.3996 1.4468 1.0504
1.4061 1.4335 1.0438
1.4130 1.4198 1.0370
1.4194 1.4055 1.0305
1.4255 1.3911 1.0244
1.4316 1.3762 1.0183
1.4376 1.3612 1.0123
1.4432 1.3456 1.0067
1.4488 1.3299 1.0012
1.4539 1.3137 0.9960
1.4587 1.2974 0.9912
1.4634 1.2808 0.9866
1.4676 1.2639 0.9823
1.4718 1.2467 0.9781
1.4756 1.2294 0.9744
1.4792 1.2120 0.9707
1.4824 1.1941 0.9675
1.4855 1.1757 0.9644
1.4882 1.1572 0.9617
1.4904 1.1385 0.9595
1.4925 1.1197 0.9574
1.4945 1.1008 0.9555
1.4956 1.0818 0.9543
1.4967 1.0626 0.9532
1.4973 1.0433 0.9526
1.4977 1.0240 0.9522
1.4977 1.0045 0.9522
1.4975 0.9849 0.9524
1.4968 0.9653 0.9531
1.4957 0.9456 0.9542
1.4941 0.9258 0.9558
1.4923 0.9059 0.9576
1.4901 0.8863 0.9599
1.4873 0.8666 0.9626
1.4840 0.8469 0.9659
1.4806 0.8272 0.9693
1.4767 0.8078 0.9732
1.4722 0.7883 0.9777
1.4676 0.7688 0.9823
1.4625 0.7497 0.9874
1.4568 0.7305 0.9931
1.4507 0.7114 0.9992
1.4443 0.6926 1.0056
1.4375 0.6741 1.0125
1.4301 0.6557 1.0199
1.4224 0.6376 1.0275
1.4147 0.6200 1.0352
1.4060 0.6023 1.0439
1.3972 0.5851 1.0527
1.3878 0.5683 1.0621
1.3783 0.5519 1.0716
1.3682 0.5359 1.0817
1.3579 0.5201 1.0920
1.3471 0.5046 1.1028
1.3362 0.4900 1.1138
1.3247 0.4755 1.1252
1.3133 0.4614 1.1366
1.3014 0.4482 1.1485
1.2891 0.4352 1.1608
1.2766 0.4226 1.1733
1.2639 0.4109 1.1860
1.2507 0.3994 1.1992
1.2373 0.3884 1.2126
1.2238 0.3783 1.2261
1.2099 0.3687 1.2400
1.1960 0.3597 1.2539
1.1818 0.3512 1.2681
1.1674 0.3433 1.2825
1.1528 0.3363 1.2971
1.1382 0.3299 1.3117
1.1231 0.3238 1.3268
1.1082 0.3186 1.3417
1.0929 0.3140 1.3570
1.0778 0.3100 1.3721
1.0626 0.3069 1.3873
1.0470 0.3042 1.4029
1.0316 0.3020 1.4183
1.0161 0.3008 1.4338
1.0006 0.3002 1.4493
0.9850 0.3003 1.4649
0.9697 0.3010 1.4802
0.9540 0.3023 1.4959
0.9386 0.3046 1.5113
0.9235 0.3076 1.5264
0.9080 0.3108 1.5419
0.8928 0.3150 1.5571
0.8780 0.3199 1.5719
0.8631 0.3251 1.5871
0.8483 0.3313 1.6019
0.8335 0.3381 1.6168
0.8190 0.3452 1.6313
0.8049 0.3533 1.6454
0.7908 0.3621 1.6595
0.7771 0.3712 1.6732
0.7634 0.3809 1.6869
0.7501 0.3912 1.7002
0.7369 0.4022 1.7134
0.7241 0.4138 1.7262
0.7114 0.4257 1.7390
0.6990 0.4382 1.7513
0.6871 0.4514 1.7632
0.6754 0.4648 1.7751
0.6640 0.4788 1.7864
0.6527 0.4935 1.7974
0.6419 0.5084 1.8082
0.6315 0.5235 1.8186
0.6213 0.5393 1.8288
0.6115 0.5553 1.8386
0.6021 0.5715 1.8479
0.5930 0.5883 1.8571
0.5842 0.6053 1.8658
0.5760 0.6226 1.8741
0.5682 0.6400 1.8818
0.5609 0.6579 1.8891
0.5538 0.6761 1.8962
0.5469 0.6944 1.9032
0.5404 0.7129 1.9096
0.5344 0.7315 1.9156
0.5286 0.7503 1.9213
0.5234 0.7692 1.9266
0.5189 0.7883 1.9311
0.5146 0.8075 1.9354
0.5108 0.8268 1.9391
0.5073 0.8462 1.9427
0.5042 0.8657 1.9457
0.5017 0.8853 1.9483
0.4993 0.9050 1.9506
0.4975 0.9247 1.9524
0.4959 0.9442 1.9541
0.4944 0.9635 1.9555
0.4938 0.9827 1.9561
0.4934 1.0020 1.9566
0.4935 1.0214 1.9565
0.4938 1.0404 1.9562
0.4946 1.0594 1.9554
0.4959 1.0785 1.9540
0.4971 1.0972 1.9528
0.4988 1.1159 1.9511
0.5010 1.1342 1.9489
0.5034 1.1526 1.9466
0.5059 1.1705 1.9440
0.5089 1.1884 1.9410
0.5122 1.2060 1.9378
0.5155 1.2231 1.9344
0.5194 1.2405 1.9305
0.5237 1.2575 1.9262
0.5283 1.2741 1.9220
0.5329 1.2903 1.9173
0.5378 1.3061 1.9125
0.5430 1.3220 1.9072
0.5485 1.3376 1.9018
0.5541 1.3527 1.8962
0.5598 1.3678 1.8905
0.5656 1.3823 1.8847
0.5716 1.3968 1.8788
0.5779 1.4105 1.8724
0.5845 1.4240 1.8659
0.5911 1.4371 1.8593
0.5982 1.4501 1.8525
0.6050 1.4629 1.8457
0.6120 1.4749 1.8388
0.6190 1.4867 1.8318
0.6261 1.4984 1.8243
0.6337 1.5096 1.8168
0.6413 1.5207 1.8092
0.6486 1.5313 1.8019
0.6560 1.5415 1.7945
0.6635 1.5514 1.7870
0.6714 1.5609 1.7791
0.6793 1.5702 1.7712
0.6870 1.5790 1.7635
0.6947 1.5877 1.7558
0.7025 1.5962 1.7481
0.7102 1.6042 1.7403
0.7177 1.6121 1.7325
0.7256 1.6195 1.7246
0.7334 1.6267 1.7168
0.7413 1.6335 1.7089
0.7489 1.6401 1.7013
0.7565 1.6466 1.6937
0.7641 1.6526 1.6861
0.7717 1.6581 1.6785
0.7793 1.6638 1.6709
0.7865 1.6690 1.6636
0.7938 1.6741 1.6563
0.8010 1.6788 1.6490
0.8083 1.6833 1.6418
0.8155 1.6877 1.6346
0.8224 1.6916 1.6277
0.8296 1.6967 1.6204
0.8370 1.7013 1.6130
0.8442 1.7057 1.6058
0.8512 1.7100 1.5987
0.8580 1.7142 1.5919
0.8651 1.7178 1.5849
0.8719 1.7214 1.5780
0.8784 1.7251 1.5715
0.8853 1.7288 1.5647
0.8917 1.7315 1.5582
0.8986 1.7341 1.5514
0.9050 1.7363 1.5449
0.9107 1.7380 1.5392
0.9169 1.7393 1.5330
0.9200 1.7400 1.5299
0.9300 1.7400 1.5199
0.9300 1.7500 1.5199
0.9399 1.7500 1.5099
0.9399 1.7500 1.5099
0.9499 1.7500 1.5000
0.9499 1.7500 1.5000
0.9599 1.7500 1.4900
0.9599 1.7500 1.4900
0.9599 1.7500 1.4900
0.9700 1.7500 1.4800
0.9700 1.7500 1.4800
0.9700 1.7500 1.4800
0.9800 1.7500 1.4700
0.9800 1.7500 1.4700
0.9800 1.7500 1.4700
0.9800 1.7500 1.4700
0.9800 1.7500 1.4700
0.9900 1.7500 1.4600
0.9900 1.7500 1.4600
0.9900 1.7500 1.4600
0.9900 1.7500 1.4600
0.9900 1.7500 1.4600
0.9900 1.7500 1.4600
0.9900 1.7500 1.4600
0.9900 1.7500 1.4600
0.9900 1.7500 1.4600
0.9900 1.7500 1.4600
0.9900 1.7500 1.4600
0.9900 1.7500 1.4600
0.9900 1.7500 1.4600
0.9900 1.7500 1.4600
0.9900 1.7500 1.4600
0.9900 1.7500 1.4600
0.9900 1.7500 1.4600
0.9900 1.7500 1.4600
0.9900 1.7500 1.4600
0.9900 1.7500 1.4600
0.9900 1.7500 1.4600
0.9900 1.7500 1.4600
0.9900 1.7500 1.4600
0.9900 1.7500 1.4600
0.9900 1.7500 1.4600
0.9900 1.7500 1.4600
0.9900 1.7500 1.4600
0.9900 1.7500 1.4600
0.9900 1.7500 1.4600
0.9900 1.7500 1.4600
0.9900 1.7500 1.4600
0.9900 1.7500 1.4600
0.9900 1.7500 1.4600
0.9900 1.7500 1.4600
0.9983 1.7500 1.4604
1.0088 1.7500 1.4609
1.0220 1.7500 1.4616
1.0379 1.7500 1.4625
1.0566 1.7500 1.4635
1.0780 1.7500 1.4646
1.1021 1.7500 1.4659
1.1284 1.7506 1.4682
1.1559 1.7523 1.4719
1.1844 1.7545 1.4760
1.2136 1.7568 1.4797
1.2428 1.7588 1.4828
1.2714 1.7602 1.4852
1.2987 1.7611 1.4870
1.3243 1.7615 1.4883
1.3476 1.7619 1.4898
1.3709 1.7622 1.4912
1.3942 1.7624 1.4926
1.4174 1.7626 1.4939
1.4404 1.7627 1.4951
1.4631 1.7627 1.4963
1.4852 1.7627 1.4975
1.5122 1.7635 1.4997
1.5398 1.7646 1.5020
1.5673 1.7657 1.5045
1.5941 1.7671 1.5072
1.6197 1.7682 1.5092
1.6439 1.7684 1.5098
1.6661 1.7675 1.5092
1.6855 1.7657 1.5079
1.7019 1.7632 1.5063
1.7152 1.7606 1.5048
1.7259 1.7579 1.5034
1.7347 1.7552 1.5021
1.7419 1.7528 1.5011
1.7500 1.7500 1.5000
1.7500 1.7500 1.5000
1.7500 1.7500 1.5000
1.7500 1.7500 1.5000
1.7500 1.7500 1.5000
1.7500 1.7500 1.5000
1.7500 1.7500 1.5000
1.7500 1.7500 1.5000
1.7500 1.7500 1.5000
1.7500 1.7500 1.5000
1.7500 1.7500 1.5000
1.7500 1.7500 1.5000
1.7500 1.7500 1.5000
1.7500 1.7500 1.5000
1.7500 1.7500 1.5000
1.7500 1.7500 1.5000
1.7500 1.7500 1.4996
1.7500 1.7500 1.4993
1.7500 1.7500 1.4990
1.7500 1.7500 1.4986
1.7500 1.7500 1.4982
1.7500 1.7500 1.4979
1.7500 1.7500 1.4971
1.7500 1.7500 1.4964
1.7500 1.7500 1.4956
1.7500 1.7500 1.4945
1.7500 1.7500 1.4934
1.7500 1.7500 1.4922
1.7500 1.7500 1.4907
1.7500 1.7500 1.4891
1.7500 1.7500 1.4874
1.7500 1.7500 1.4854
1.7500 1.7500 1.4837
1.7500 1.7500 1.4816
1.7500 1.7500 1.4794
1.7500 1.7500 1.4768
1.7496 1.7500 1.4742
1.7493 1.7500 1.4712
1.7490 1.7500 1.4684
1.7486 1.7500 1.4653
1.7482 1.7500 1.4620
1.7479 1.7500 1.4587
1.7475 1.7500 1.4553
1.7471 1.7500 1.4516
1.7466 1.7500 1.4477
1.7459 1.7500 1.4438
1.7451 1.7500 1.4395
1.7443 1.7500 1.4351
1.7435 1.7500 1.4306
1.7426 1.7500 1.4261
1.7414 1.7500 1.4211
1.7402 1.7500 1.4164
1.7392 1.7500 1.4114
1.7383 1.7500 1.4062
1.7370 1.7500 1.4006
1.7356 1.7500 1.3953
1.7342 1.7500 1.3896
1.7325 1.7500 1.3839
1.7307 1.7500 1.3777
1.7289 1.7500 1.3718
1.7267 1.7500 1.3658
1.7248 1.7500 1.3594
1.7226 1.7500 1.3529
1.7202 1.7500 1.3464
1.7176 1.7500 1.3398
1.7148 1.7500 1.3331
1.7120 1.7500 1.3264
1.7092 1.7500 1.3193
1.7059 1.7500 1.3122
1.7026 1.7500 1.3053
1.6993 1.7500 1.2983
1.6955 1.7500 1.2910
1.6917 1.7500 1.2836
1.6878 1.7500 1.2762
1.6835 1.7500 1.2691
1.6791 1.7500 1.2615
1.6747 1.7500 1.2540
1.6699 1.7500 1.2464
1.6649 1.7500 1.2391
1.6596 1.7500 1.2318
1.6545 1.7500 1.2241
1.6490 1.7500 1.2164
1.6434 1.7500 1.2089
1.6374 1.7500 1.2015
1.6314 1.7500 1.1941
1.6249 1.7500 1.1866
1.6183 1.7500 1.1791
1.6116 1.7500 1.1720
1.6045 1.7500 1.1648
1.5973 1.7500 1.1577
1.5897 1.7500 1.1506
1.5816 1.7500 1.1434
1.5735 1.7500 1.1366
1.5652 1.7500 1.1299
1.5568 1.7500 1.1231
1.5483 1.7500 1.1167
1.5391 1.7500 1.1103
1.5297 1.7500 1.1043
1.5203 1.7500 1.0981
1.5107 1.7500 1.0922
1.5007 1.7500 1.0866
1.4905 1.7500 1.0811
1.4803 1.7500 1.0757
1.4696 1.7500 1.0703
1.4588 1.7500 1.0654
1.4479 1.7500 1.0608
1.4368 1.7500 1.0562
1.4257 1.7500 1.0521
1.4142 1.7500 1.0481
1.4025 1.7500 1.0445
1.3908 1.7500 1.0410
1.3786 1.7500 1.0376
1.3667 1.7500 1.0349
1.3543 1.7500 1.0324
1.3418 1.7500 1.0303
1.3293 1.7500 1.0283
1.3167 1.7500 1.0267
1.3040 1.7500 1.0253
1.2912 1.7500 1.0243
1.2783 1.7500 1.0238
1.2654 1.7500 1.0234
1.2521 1.7500 1.0235
1.2391 1.7500 1.0240
1.2259 1.7500 1.0248
1.2128 1.7500 1.0259
1.1996 1.7500 1.0276
1.1863 1.7500 1.0294
1.1733 1.7500 1.0317
1.1600 1.7500 1.0342
1.1469 1.7500 1.0372
1.1339 1.7500 1.0406
1.1208 1.7500 1.0446
1.1080 1.7500 1.0487
1.0949 1.7500 1.0533
1.0818 1.7500 1.0585
1.0690 1.7500 1.0638
1.0562 1.7500 1.0696
1.0438 1.7500 1.0756
1.0314 1.7500 1.0821
1.0190 1.7500 1.0891
1.0072 1.7500 1.0963
0.9955 1.7500 1.1037
0.9839 1.7500 1.1119
0.9723 1.7500 1.1203
0.9611 1.7500 1.1288
0.9503 1.7500 1.1379
0.9395 1.7500 1.1472
0.9288 1.7500 1.1570
0.9185 1.7500 1.1669
0.9086 1.7500 1.1773
0.8992 1.7500 1.1880
0.8901 1.7500 1.1991
0.8812 1.7500 1.2103
0.8728 1.7500 1.2221
0.8648 1.7500 1.2337
0.8569 1.7500 1.2458
0.8491 1.7500 1.2580
0.8418 1.7500 1.2708
0.8350 1.7500 1.2833
0.8286 1.7500 1.2963
0.8227 1.7500 1.3098
0.8170 1.7500 1.3231
0.8118 1.7500 1.3368
0.8070 1.7500 1.3503
0.8028 1.7500 1.3643
0.7990 1.7500 1.3781
0.7955 1.7500 1.3923
0.7924 1.7500 1.4063
0.7899 1.7500 1.4206
0.7875 1.7500 1.4348
0.7857 1.7500 1.4493
0.7844 1.7500 1.4637
0.7836 1.7500 1.4784
0.7833 1.7500 1.4928
0.7832 1.7500 1.5076
0.7837 1.7500 1.5222
0.7847 1.7500 1.5364
0.7862 1.7500 1.5511
0.7883 1.7500 1.5654
0.7906 1.7500 1.5798
0.7931 1.7500 1.5938
0.7962 1.7500 1.6082
0.7997 1.7500 1.6222
0.8035 1.7500 1.6363
0.8078 1.7500 1.6500
0.8127 1.7500 1.6638
0.8181 1.7500 1.6771
0.8240 1.7500 1.6905
0.8301 1.7500 1.7034
0.8365 1.7500 1.7164
0.8434 1.7500 1.7289
0.8508 1.7500 1.7414
0.8584 1.7500 1.7538
0.8662 1.7500 1.7655
0.8742 1.7500 1.7771
0.8830 1.7500 1.7886
0.8921 1.7500 1.7998
0.9013 1.7500 1.8104
0.9110 1.7500 1.8210
0.9209 1.7500 1.8312
0.9314 1.7500 1.8412
0.9420 1.7500 1.8508
0.9524 1.7500 1.8600
0.9633 1.7500 1.8690
0.9744 1.7500 1.8776
0.9856 1.7500 1.8857
0.9973 1.7500 1.8933
1.0088 1.7500 1.9008
1.0207 1.7500 1.9078
1.0328 1.7500 1.9146
1.0450 1.7500 1.9210
1.0574 1.7500 1.9269
1.0698 1.7500 1.9326
1.0826 1.7500 1.9378
1.0953 1.7500 1.9426
1.1080 1.7500 1.9471
1.1208 1.7500 1.9512
1.1337 1.7500 1.9547
1.1466 1.7500 1.9581
1.1596 1.7500 1.9610
1.1727 1.7500 1.9637
1.1858 1.7500 1.9659
1.1987 1.7500 1.9679
1.2119 1.7500 1.9691
1.2248 1.7500 1.9701
1.2378 1.7500 1.9709
1.2508 1.7500 1.9713
1.2635 1.7500 1.9714
1.2762 1.7500 1.9710
1.2889 1.7500 1.9705
1.3016 1.7500 1.9695
1.3143 1.7500 1.9679
1.3266 1.7500 1.9662
1.3390 1.7500 1.9643
1.3513 1.7500 1.9623
1.3633 1.7500 1.9597
1.3753 1.7500 1.9567
1.3872 1.7500 1.9538
1.3991 1.7500 1.9504
1.4103 1.7500 1.9469
1.4214 1.7500 1.9430
1.4325 1.7500 1.9388
1.4435 1.7500 1.9346
1.4545 1.7500 1.9298
1.4651 1.7500 1.9250
1.4753 1.7500 1.9199
1.4854 1.7500 1.9148
1.4951 1.7500 1.9095
1.5048 1.7500 1.9038
1.5143 1.7500 1.8980
1.5234 1.7500 1.8921
1.5325 1.7500 1.8860
1.5411 1.7500 1.8799
1.5496 1.7500 1.8733
1.5577 1.7500 1.8666
1.5660 1.7500 1.8601
1.5739 1.7500 1.8536
1.5817 1.7500 1.8467
1.5890 1.7500 1.8396
1.5963 1.7500 1.8325
1.6034 1.7500 1.8257
1.6101 1.7500 1.8184
1.6167 1.7500 1.8111
1.6232 1.7500 1.8038
1.6293 1.7500 1.7967
1.6353 1.7500 1.7895
1.6411 1.7500 1.7820
1.6466 1.7500 1.7745
1.6519 1.7500 1.7672
1.6571 1.7500 1.7599
1.6623 1.7500 1.7526
1.6670 1.7500 1.7453
1.6716 1.7500 1.7379
1.6758 1.7500 1.7305
1.6802 1.7500 1.7234
1.6842 1.7500 1.7164
1.6881 1.7500 1.7090
1.6919 1.7500 1.7019
1.6953 1.7500 1.6948
1.6986 1.7500 1.6881
1.7018 1.7500 1.6810
1.7046 1.7500 1.6743
1.7073 1.7500 1.6676
1.7102 1.7500 1.6613
1.7137 1.7500 1.6543
1.7168 1.7500 1.6474
1.7197 1.7500 1.6408
1.7225 1.7500 1.6339
1.7252 1.7500 1.6273
1.7280 1.7500 1.6209
1.7302 1.7500 1.6143
1.7324 1.7500 1.6079
1.7344 1.7500 1.6019
1.7364 1.7500 1.5956
1.7381 1.7500 1.5899
1.7398 1.7500 1.5839
1.7416 1.7500 1.5787
1.7438 1.7500 1.5729
1.7500 1.7500 1.5700
1.7500 1.7500 1.5599
1.7500 1.7500 1.5599
1.7500 1.7500 1.5499
1.7500 1.7500 1.5499
1.7500 1.7500 1.5399
1.7500 1.7500 1.5399
1.7500 1.7500 1.5399
1.7500 1.7500 1.5299
1.7500 1.7500 1.5299
1.7500 1.7500 1.5299
1.7500 1.7500 1.5199
1.7500 1.7500 1.5199
1.7500 1.7500 1.5199
1.7500 1.7500 1.5099
1.7500 1.7500 1.5099
1.7500 1.7500 1.5099
1.7500 1.7500 1.5099
1.7500 1.7500 1.5099
1.7500 1.7500 1.5099
1.7500 1.7500 1.5000
1.7500 1.7500 1.5000
1.7500 1.7500 1.5000
1.7500 1.7500 1.5000
1.7500 1.7500 1.5000
1.7500 1.7500 1.5000
1.7500 1.7500 1.5000
1.7500 1.7500 1.5000
1.7500 1.7500 1.5000
1.7500 1.7500 1.5000
1.7500 1.7500 1.5000
1.7500 1.7500 1.5000
1.7500 1.7500 1.5000
1.7500 1.7500 1.5000
1.7500 1.7500 1.5000
1.7500 1.7500 1.5000
1.7500 1.7500 1.5000
1.7500 1.7500 1.5000
1.7500 1.7500 1.5000
1.7500 1.7500 1.5000
1.7500 1.7500 1.5000
1.7500 1.7500 1.5000
1.7500 1.7500 1.5000
1.7500 1.7500 1.5000
1.7500 1.7500 1.5000
1.7500 1.7500 1.5000
1.7500 1.7500 1.5000
1.7500 1.7500 1.5000
1.7500 1.7500 1.5000
1.7500 1.7500 1.5000
1.7500 1.7500 1.5000
1.7500 1.7500 1.5000
1.7500 1.7500 1.4900
1.7500 1.7500 1.4800
1.7500 1.7500 1.4700
1.7500 1.7500 1.4600
1.7500 1.7500 1.4500
1.7500 1.7500 1.4400
1.7500 1.7500 1.4299
1.7500 1.7500 1.4199
1.7500 1.7500 1.4099
1.7500 1.7500 1.3999
1.7500 1.7500 1.3899
1.7500 1.7500 1.3799
1.7500 1.7500 1.3700
1.7500 1.7500 1.3600
1.7500 1.7500 1.3500
1.7500 1.7500 1.3400
1.7500 1.7500 1.3300
1.7500 1.7500 1.3200
1.7500 1.7500 1.3099
1.7500 1.7500 1.2999
1.7500 1.7500 1.2899
1.7500 1.7500 1.2799
1.7500 1.7500 1.2699
1.7500 1.7500 1.2599
1.7500 1.7500 1.2500
1.7500 1.7500 1.2400
1.7500 1.7500 1.2300
1.7500 1.7500 1.2200
1.7500 1.7500 1.2100
1.7500 1.7500 1.2000
1.7500 1.7500 1.1900
1.7500 1.7500 1.1799
1.7500 1.7500 1.1699
1.7500 1.7500 1.1599
1.7500 1.7500 1.1499
1.7500 1.7500 1.1399
1.7500 1.7500 1.1299
1.7500 1.7500 1.1200
1.7500 1.7500 1.1100
1.7500 1.7500 1.1000
1.7500 1.7500 1.0900
1.7500 1.7500 1.0800
1.7500 1.7500 1.0700
1.7500 1.7500 1.0599
1.7500 1.7500 1.0499
1.7500 1.7500 1.0399
1.7500 1.7500 1.0299
1.7500 1.7500 1.0199
1.7500 1.7500 1.0099
1.7500 1.7500 1.0000
1.7500 1.7500 0.9900
1.7500 1.7500 0.9800
1.7500 1.7500 0.9700
1.7500 1.7500 0.9599
1.7500 1.7500 0.9499
1.7500 1.7500 0.9399
1.7500 1.7500 0.9300
1.7500 1.7500 0.9200
1.7500 1.7500 0.9100
1.7500 1.7500 0.8999
1.7500 1.7500 0.8899
1.7500 1.7500 0.8799
1.7500 1.7500 0.8700
1.7500 1.7500 0.8600
1.7500 1.7500 0.8500
1.7500 1.7500 0.8399
1.7500 1.7500 0.8299
1.7500 1.7500 0.8199
1.7500 1.7500 0.8100
1.7500 1.7500 0.8000
1.7500 1.7500 0.7900
1.7500 1.7500 0.7799
1.7500 1.7500 0.7699
1.7500 1.7500 0.7599
1.7500 1.7500 0.7500
1.7500 1.7500 0.7400
1.7500 1.7500 0.7300
1.7500 1.7500 0.7200
1.7500 1.7500 0.7099
1.7500 1.7500 0.6999
1.7500 1.7500 0.6899
1.7500 1.7500 0.6800
1.7500 1.7500 0.6700
1.7500 1.7500 0.6600
1.7500 1.7500 0.6499
1.7500 1.7500 0.6399
1.7500 1.7500 0.6299
1.7500 1.7500 0.6200
1.7500 1.7500 0.6100
1.7500 1.7500 0.6000
1.7500 1.7500 0.5899
1.7500 1.7500 0.5799
1.7500 1.7500 0.5699
1.7500 1.7500 0.5600
1.7500 1.7500 0.5500
1.7500 1.7500 0.5400
1.7500 1.7500 0.5299
1.7500 1.7500 0.5199
1.7500 1.7500 0.5099
1.7500 1.7500 0.5000
1.7500 1.7500 0.4900
1.7500 1.7500 0.4799
1.7500 1.7500 0.4699
1.7500 1.7500 0.4600
1.7500 1.7500 0.4499
1.7500 1.7500 0.4399
1.7500 1.7500 0.4300
1.7500 1.7500 0.4199
1.7500 1.7500 0.4099
1.7500 1.7500 0.4000
1.7500 1.7500 0.3899
1.7500 1.7500 0.3799
1.7500 1.7500 0.3700
1.7500 1.7500 0.3600
1.7500 1.7500 0.3499
1.7500 1.7500 0.3400
1.7500 1.7500 0.3300
1.7500 1.7500 0.3199
1.7500 1.7500 0.3100
1.7500 1.7500 0.3000
1.7500 1.7500 0.2899
1.7500 1.7500 0.2800
1.7500 1.7500 0.2700
1.7500 1.7500 0.2599
1.7500 1.7500 0.2500
1.7500 1.7500 0.2399
1.7500 1.7500 0.2300
1.7500 1.7500 0.2199
1.7500 1.7500 0.2099
1.7500 1.7500 0.2000
1.7500 1.7500 0.1899
1.7500 1.7500 0.1800
1.7500 1.7500 0.1700
1.7500 1.7500 0.1599
1.7500 1.7500 0.1500
1.7500 1.7500 0.1403
1.7500 1.7500 0.1303
1.7500 1.7500 0.1203
1.7500 1.7500 0.1103
1.7500 1.7500 0.1004
1.7500 1.7500 0.0904
1.7500 1.7500 0.0805
1.7500 1.7500 0.0705
1.7500 1.7500 0.0606
1.7500 1.7500 0.0507
1.7500 1.7500 0.0409
1.7500 1.7500 0.0311
1.7500 1.7500 0.0214
1.7500 1.7500 0.0120
1.7500 1.7500 0.0033
