0.7500 -0.7500 1.5000
0.7500 -0.7500 1.5000
0.7499 -0.7421 1.4999
0.7500 -0.7329 1.5000
0.7504 -0.7219 1.5001
0.7513 -0.7088 1.5005
0.7527 -0.6935 1.5012
0.7550 -0.6759 1.5023
0.7584 -0.6561 1.5039
0.7630 -0.6338 1.5061
0.7639 -0.6099 1.5073
0.7599 -0.5859 1.5064
0.7515 -0.5633 1.5033
0.7397 -0.5431 1.4980
0.7253 -0.5256 1.4905
0.7089 -0.5108 1.4812
0.6912 -0.4988 1.4703
0.6798 -0.4855 1.4631
0.6676 -0.4728 1.4551
0.6548 -0.4607 1.4464
0.6413 -0.4493 1.4368
0.6271 -0.4387 1.4264
0.6125 -0.4289 1.4153
0.5974 -0.4200 1.4035
0.5820 -0.4119 1.3912
0.5662 -0.4048 1.3782
0.5501 -0.3985 1.3648
0.5337 -0.3933 1.3508
0.5170 -0.3892 1.3363
0.4999 -0.3862 1.3212
0.4826 -0.3844 1.3057
0.4649 -0.3838 1.2896
0.4468 -0.3845 1.2730
0.4283 -0.3866 1.2559
0.4105 -0.3900 1.2386
0.3934 -0.3947 1.2211
0.3770 -0.4006 1.2037
0.3616 -0.4075 1.1863
0.3472 -0.4152 1.1693
0.3339 -0.4235 1.1526
0.3216 -0.4323 1.1364
0.3104 -0.4415 1.1207
0.3003 -0.4510 1.1056
0.2912 -0.4607 1.0913
0.2833 -0.4704 1.0778
0.2762 -0.4799 1.0649
0.2653 -0.4907 1.0479
0.2564 -0.5016 1.0319
0.2496 -0.5125 1.0172
0.2449 -0.5230 1.0041
0.2415 -0.5332 0.9924
0.2393 -0.5434 0.9817
0.2381 -0.5534 0.9720
0.2379 -0.5632 0.9634
0.2385 -0.5730 0.9559
0.2400 -0.5825 0.9498
0.2425 -0.5908 0.9459
0.2455 -0.5981 0.9440
0.2491 -0.6044 0.9440
0.2549 -0.6110 0.9477
0.2549 -0.6110 0.9477
0.2550 -0.6109 0.9478
0.2552 -0.6104 0.9480
0.2556 -0.6095 0.9484
0.2561 -0.6084 0.9488
0.2567 -0.6069 0.9495
0.2575 -0.6050 0.9502
0.2584 -0.6029 0.9511
0.2595 -0.6004 0.9522
0.2607 -0.5976 0.9534
0.2621 -0.5945 0.9547
0.2636 -0.5911 0.9561
0.2653 -0.5874 0.9578
0.2671 -0.5834 0.9595
0.2691 -0.5791 0.9614
0.2712 -0.5745 0.9635
0.2735 -0.5697 0.9657
0.2759 -0.5645 0.9681
0.2785 -0.5591 0.9706
0.2813 -0.5534 0.9733
0.2843 -0.5475 0.9762
0.2874 -0.5413 0.9792
0.2907 -0.5349 0.9824
0.2942 -0.5283 0.9858
0.2978 -0.5214 0.9893
0.3017 -0.5143 0.9931
0.3057 -0.5069 0.9970
0.3099 -0.4994 1.0011
0.3143 -0.4917 1.0054
0.3190 -0.4838 1.0099
0.3238 -0.4757 1.0146
0.3288 -0.4674 1.0195
0.3341 -0.4590 1.0247
0.3395 -0.4504 1.0300
0.3452 -0.4417 1.0355
0.3511 -0.4329 1.0413
0.3573 -0.4239 1.0473
0.3636 -0.4148 1.0535
0.3702 -0.4057 1.0600
0.3770 -0.3964 1.0667
0.3841 -0.3871 1.0736
0.3914 -0.3777 1.0808
0.3990 -0.3683 1.0882
0.4068 -0.3588 1.0959
0.4149 -0.3493 1.1038
0.4232 -0.3398 1.1120
0.4317 -0.3303 1.1204
0.4406 -0.3209 1.1291
0.4497 -0.3114 1.1380
0.4590 -0.3020 1.1472
0.4686 -0.2927 1.1567
0.4785 -0.2834 1.1664
0.4886 -0.2743 1.1765
0.4990 -0.2652 1.1867
0.5097 -0.2563 1.1973
0.5207 -0.2475 1.2081
0.5319 -0.2388 1.2191
0.5433 -0.2304 1.2305
0.5551 -0.2221 1.2421
0.5671 -0.2140 1.2540
0.5793 -0.2061 1.2661
0.5919 -0.1985 1.2785
0.6046 -0.1911 1.2912
0.6177 -0.1840 1.3041
0.6310 -0.1772 1.3173
0.6445 -0.1706 1.3307
0.6582 -0.1644 1.3444
0.6723 -0.1585 1.3583
0.6865 -0.1530 1.3724
0.7010 -0.1479 1.3868
0.7157 -0.1431 1.4014
0.7306 -0.1387 1.4163
0.7457 -0.1348 1.4313
0.7610 -0.1312 1.4466
0.7765 -0.1282 1.4620
0.7922 -0.1255 1.4777
0.8081 -0.1234 1.4935
0.8241 -0.1218 1.5095
0.8403 -0.1206 1.5257
0.8566 -0.1200 1.5420
0.8731 -0.1199 1.5585
0.8897 -0.1204 1.5751
0.9065 -0.1214 1.5918
0.9233 -0.1231 1.6087
0.9402 -0.1253 1.6256
0.9572 -0.1281 1.6426
0.9743 -0.1315 1.6598
0.9914 -0.1355 1.6769
1.0086 -0.1401 1.6941
1.0258 -0.1454 1.7114
1.0430 -0.1514 1.7287
1.0602 -0.1580 1.7460
1.0774 -0.1652 1.7632
1.0945 -0.1732 1.7805
1.1116 -0.1818 1.7977
1.1286 -0.1911 1.8148
1.1456 -0.2010 1.8319
1.1624 -0.2117 1.8489
1.1792 -0.2230 1.8658
1.1958 -0.2350 1.8826
1.2122 -0.2478 1.8992
1.2285 -0.2612 1.9157
1.2446 -0.2753 1.9320
1.2605 -0.2901 1.9481
1.2762 -0.3055 1.9640
1.2917 -0.3217 1.9797
1.3069 -0.3385 1.9951
1.3218 -0.3560 2.0103
1.3364 -0.3741 2.0252
1.3508 -0.3929 2.0398
1.3648 -0.4124 2.0541
1.3785 -0.4325 2.0680
1.3918 -0.4532 2.0816
1.4048 -0.4745 2.0949
1.4173 -0.4964 2.1077
1.4295 -0.5189 2.1202
1.4412 -0.5420 2.1323
1.4525 -0.5656 2.1439
1.4634 -0.5897 2.1551
1.4737 -0.6144 2.1658
1.4836 -0.6396 2.1761
1.4931 -0.6652 2.1859
1.5020 -0.6913 2.1951
1.5103 -0.7179 2.2039
1.5182 -0.7449 2.2121
1.5255 -0.7722 2.2198
1.5322 -0.8000 2.2270
1.5384 -0.8281 2.2335
1.5440 -0.8565 2.2396
1.5490 -0.8852 2.2450
1.5534 -0.9141 2.2498
1.5572 -0.9433 2.2540
1.5604 -0.9728 2.2577
1.5630 -1.0024 2.2607
1.5650 -1.0322 2.2631
1.5663 -1.0621 2.2648
1.5670 -1.0921 2.2659
1.5671 -1.1222 2.2664
1.5665 -1.1523 2.2663
1.5652 -1.1824 2.2655
1.5634 -1.2125 2.2640
1.5608 -1.2426 2.2619
1.5577 -1.2726 2.2592
1.5539 -1.3025 2.2558
1.5494 -1.3322 2.2518
1.5443 -1.3618 2.2472
1.5386 -1.3912 2.2418
1.5322 -1.4203 2.2359
1.5252 -1.4492 2.2293
1.5176 -1.4778 2.2222
1.5094 -1.5061 2.2143
1.5006 -1.5340 2.2059
1.4911 -1.5616 2.1969
1.4811 -1.5887 2.1873
1.4705 -1.6154 2.1771
1.4594 -1.6417 2.1663
1.4477 -1.6674 2.1550
1.4354 -1.6927 2.1431
1.4226 -1.7174 2.1306
1.4093 -1.7416 2.1177
1.3955 -1.7651 2.1042
1.3811 -1.7881 2.0902
1.3664 -1.8104 2.0758
1.3511 -1.8321 2.0609
1.3354 -1.8531 2.0455
1.3193 -1.8734 2.0297
1.3028 -1.8930 2.0134
1.2859 -1.9119 1.9968
1.2686 -1.9300 1.9798
1.2509 -1.9473 1.9624
1.2329 -1.9639 1.9447
1.2147 -1.9797 1.9266
1.1961 -1.9947 1.9083
1.1772 -2.0089 1.8896
1.1581 -2.0222 1.8707
1.1387 -2.0347 1.8515
1.1191 -2.0464 1.8321
1.0994 -2.0572 1.8125
1.0794 -2.0672 1.7927
1.0593 -2.0763 1.7728
1.0391 -2.0845 1.7527
1.0187 -2.0919 1.7324
0.9983 -2.0984 1.7121
0.9778 -2.1040 1.6917
0.9572 -2.1088 1.6712
0.9366 -2.1127 1.6507
0.9160 -2.1157 1.6301
0.8954 -2.1179 1.6096
0.8748 -2.1193 1.5890
0.8543 -2.1198 1.5685
0.8338 -2.1194 1.5481
0.8135 -2.1182 1.5277
0.7932 -2.1162 1.5074
0.7731 -2.1134 1.4872
0.7531 -2.1098 1.4672
0.7332 -2.1053 1.4473
0.7135 -2.1001 1.4276
0.6941 -2.0942 1.4080
0.6748 -2.0875 1.3887
0.6557 -2.0800 1.3695
0.6369 -2.0719 1.3506
0.6184 -2.0630 1.3319
0.6001 -2.0535 1.3135
0.5820 -2.0432 1.2953
0.5643 -2.0324 1.2774
0.5469 -2.0209 1.2599
0.5298 -2.0088 1.2426
0.5130 -1.9961 1.2256
0.4965 -1.9828 1.2090
0.4804 -1.9689 1.1927
0.4647 -1.9546 1.1767
0.4493 -1.9397 1.1611
0.4342 -1.9243 1.1459
0.4196 -1.9085 1.1310
0.4053 -1.8922 1.1166
0.3915 -1.8755 1.1024
0.3780 -1.8584 1.0887
0.3649 -1.8409 1.0754
0.3522 -1.8231 1.0625
0.3399 -1.8049 1.0499
0.3281 -1.7864 1.0378
0.3166 -1.7676 1.0261
0.3056 -1.7485 1.0148
0.2950 -1.7292 1.0039
0.2847 -1.7097 0.9934
0.2749 -1.6900 0.9833
0.2656 -1.6700 0.9737
0.2566 -1.6499 0.9644
0.2480 -1.6297 0.9555
0.2399 -1.6093 0.9471
0.2321 -1.5889 0.9391
0.2247 -1.5683 0.9314
0.2178 -1.5477 0.9242
0.2112 -1.5271 0.9173
0.2051 -1.5064 0.9108
0.1993 -1.4857 0.9048
0.1939 -1.4651 0.8990
0.1888 -1.4444 0.8937
0.1841 -1.4238 0.8887
0.1798 -1.4033 0.8841
0.1759 -1.3828 0.8799
0.1722 -1.3625 0.8760
0.1690 -1.3422 0.8724
0.1660 -1.3221 0.8692
0.1634 -1.3021 0.8662
0.1611 -1.2822 0.8637
0.1591 -1.2626 0.8614
0.1574 -1.2431 0.8594
0.1559 -1.2237 0.8577
0.1548 -1.2046 0.8563
0.1539 -1.1857 0.8551
0.1533 -1.1670 0.8542
0.1529 -1.1485 0.8536
0.1528 -1.1303 0.8532
0.1529 -1.1123 0.8531
0.1533 -1.0946 0.8531
0.1538 -1.0772 0.8534
0.1546 -1.0600 0.8539
0.1555 -1.0431 0.8546
0.1566 -1.0265 0.8555
0.1579 -1.0101 0.8566
0.1594 -0.9941 0.8578
0.1610 -0.9784 0.8592
0.1628 -0.9630 0.8607
0.1646 -0.9478 0.8624
0.1667 -0.9331 0.8642
0.1688 -0.9186 0.8661
0.1710 -0.9044 0.8681
0.1733 -0.8906 0.8703
0.1758 -0.8771 0.8725
0.1783 -0.8639 0.8748
0.1808 -0.8511 0.8772
0.1834 -0.8386 0.8796
0.1861 -0.8264 0.8821
0.1888 -0.8146 0.8846
0.1916 -0.8031 0.8872
0.1943 -0.7919 0.8898
0.1971 -0.7811 0.8924
0.1999 -0.7706 0.8951
0.2027 -0.7604 0.8977
0.2055 -0.7506 0.9004
0.2083 -0.7412 0.9030
0.2110 -0.7320 0.9056
0.2137 -0.7232 0.9082
0.2164 -0.7148 0.9107
0.2190 -0.7066 0.9133
0.2216 -0.6988 0.9157
0.2242 -0.6914 0.9182
0.2266 -0.6843 0.9205
0.2290 -0.6775 0.9228
0.2313 -0.6710 0.9250
0.2336 -0.6649 0.9272
0.2357 -0.6591 0.9293
0.2378 -0.6536 0.9312
0.2397 -0.6485 0.9331
0.2416 -0.6437 0.9349
0.2434 -0.6392 0.9366
0.2450 -0.6351 0.9382
0.2465 -0.6313 0.9397
0.2480 -0.6278 0.9410
0.2492 -0.6246 0.9423
0.2504 -0.6218 0.9434
0.2515 -0.6193 0.9444
0.2524 -0.6171 0.9453
0.2531 -0.6153 0.9460
0.2538 -0.6137 0.9466
0.2543 -0.6126 0.9471
0.2546 -0.6117 0.9475
0.2548 -0.6112 0.9477
0.2549 -0.6110 0.9477
0.2549 -0.6110 0.9477
0.2549 -0.6110 0.9477
0.2549 -0.6110 0.9477
0.2549 -0.6110 0.9477
0.2549 -0.6110 0.9477
0.2549 -0.6110 0.9477
0.2549 -0.6110 0.9477
0.2549 -0.6110 0.9477
0.2549 -0.6110 0.9477
0.2549 -0.6110 0.9477
0.2549 -0.6110 0.9477
0.2597 -0.6061 0.9522
0.2656 -0.6002 0.9578
0.2732 -0.5933 0.9650
0.2826 -0.5858 0.9740
0.2939 -0.5779 0.9848
0.3072 -0.5704 0.9974
0.3223 -0.5636 1.0120
0.3390 -0.5581 1.0282
0.3566 -0.5538 1.0452
0.3745 -0.5507 1.0626
0.3921 -0.5485 1.0798
0.4090 -0.5468 1.0963
0.4250 -0.5453 1.1120
0.4400 -0.5440 1.1266
0.4538 -0.5429 1.1402
0.4669 -0.5402 1.1529
0.4801 -0.5379 1.1657
0.4931 -0.5360 1.1785
0.5060 -0.5343 1.1910
0.5186 -0.5329 1.2034
0.5310 -0.5317 1.2154
0.5430 -0.5307 1.2272
0.5587 -0.5287 1.2425
0.5745 -0.5277 1.2580
0.5901 -0.5276 1.2733
0.6048 -0.5283 1.2877
0.6182 -0.5294 1.3009
0.6300 -0.5307 1.3126
0.6401 -0.5318 1.3225
0.6485 -0.5326 1.3309
0.6554 -0.5334 1.3377
0.6609 -0.5347 1.3431
0.6650 -0.5367 1.3473
0.6682 -0.5395 1.3505
0.6698 -0.5426 1.3521
0.6701 -0.5430 1.3524
0.6701 -0.5430 1.3524
0.6701 -0.5429 1.3524
0.6703 -0.5428 1.3526
0.6707 -0.5425 1.3530
0.6712 -0.5421 1.3535
0.6718 -0.5416 1.3541
0.6725 -0.5411 1.3548
0.6734 -0.5404 1.3557
0.6744 -0.5396 1.3567
0.6756 -0.5388 1.3578
0.6769 -0.5378 1.3591
0.6783 -0.5368 1.3605
0.6798 -0.5357 1.3620
0.6815 -0.5344 1.3637
0.6833 -0.5331 1.3655
0.6853 -0.5318 1.3674
0.6874 -0.5303 1.3695
0.6896 -0.5288 1.3717
0.6920 -0.5272 1.3740
0.6944 -0.5256 1.3765
0.6971 -0.5239 1.3791
0.6998 -0.5221 1.3818
0.7027 -0.5203 1.3847
0.7057 -0.5185 1.3877
0.7089 -0.5166 1.3908
0.7122 -0.5146 1.3941
0.7156 -0.5127 1.3975
0.7192 -0.5107 1.4010
0.7229 -0.5087 1.4047
0.7267 -0.5067 1.4085
0.7307 -0.5046 1.4124
0.7348 -0.5026 1.4165
0.7390 -0.5006 1.4207
0.7434 -0.4986 1.4250
0.7479 -0.4966 1.4295
0.7525 -0.4946 1.4341
0.7573 -0.4927 1.4388
0.7622 -0.4908 1.4437
0.7672 -0.4889 1.4487
0.7724 -0.4871 1.4539
0.7777 -0.4853 1.4591
0.7831 -0.4836 1.4645
0.7887 -0.4820 1.4701
0.7944 -0.4804 1.4757
0.8002 -0.4789 1.4815
0.8061 -0.4776 1.4874
0.8122 -0.4763 1.4935
0.8184 -0.4751 1.4997
0.8247 -0.4741 1.5059
0.8311 -0.4731 1.5124
0.8377 -0.4723 1.5189
0.8444 -0.4716 1.5255
0.8511 -0.4711 1.5323
0.8580 -0.4707 1.5392
0.8650 -0.4705 1.5462
0.8721 -0.4705 1.5533
0.8793 -0.4706 1.5604
0.8866 -0.4709 1.5677
0.8940 -0.4714 1.5751
0.9015 -0.4721 1.5826
0.9090 -0.4730 1.5902
0.9167 -0.4741 1.5979
0.9244 -0.4754 1.6056
0.9322 -0.4770 1.6134
0.9401 -0.4788 1.6213
0.9480 -0.4808 1.6293
0.9560 -0.4830 1.6373
0.9641 -0.4856 1.6454
0.9722 -0.4883 1.6535
0.9804 -0.4914 1.6617
0.9885 -0.4947 1.6700
0.9968 -0.4983 1.6782
1.0050 -0.5021 1.6865
1.0133 -0.5063 1.6949
1.0215 -0.5107 1.7032
1.0298 -0.5155 1.7115
1.0381 -0.5205 1.7199
1.0464 -0.5259 1.7282
1.0547 -0.5315 1.7366
1.0629 -0.5375 1.7449
1.0711 -0.5438 1.7532
1.0793 -0.5504 1.7615
1.0874 -0.5573 1.7697
1.0955 -0.5645 1.7779
1.1035 -0.5721 1.7860
1.1115 -0.5800 1.7941
1.1194 -0.5882 1.8021
1.1271 -0.5967 1.8100
1.1348 -0.6056 1.8178
1.1424 -0.6148 1.8255
1.1499 -0.6243 1.8331
1.1573 -0.6341 1.8406
1.1645 -0.6443 1.8480
1.1716 -0.6548 1.8553
1.1786 -0.6656 1.8624
1.1854 -0.6767 1.8693
1.1920 -0.6881 1.8761
1.1985 -0.6999 1.8828
1.2048 -0.7119 1.8892
1.2109 -0.7242 1.8955
1.2168 -0.7369 1.9016
1.2225 -0.7498 1.9075
1.2280 -0.7630 1.9132
1.2333 -0.7764 1.9186
1.2383 -0.7902 1.9239
1.2431 -0.8042 1.9289
1.2477 -0.8184 1.9337
1.2520 -0.8329 1.9382
1.2561 -0.8476 1.9424
1.2599 -0.8625 1.9464
1.2634 -0.8777 1.9502
1.2666 -0.8930 1.9536
1.2696 -0.9085 1.9568
1.2722 -0.9242 1.9597
1.2746 -0.9401 1.9623
1.2766 -0.9562 1.9645
1.2784 -0.9723 1.9665
1.2798 -0.9886 1.9682
1.2809 -1.0050 1.9695
1.2817 -1.0215 1.9705
1.2821 -1.0381 1.9712
1.2823 -1.0548 1.9716
1.2820 -1.0715 1.9716
1.2815 -1.0883 1.9713
1.2806 -1.1051 1.9707
1.2794 -1.1219 1.9697
1.2778 -1.1387 1.9683
1.2759 -1.1555 1.9667
1.2736 -1.1722 1.9646
1.2710 -1.1889 1.9622
1.2680 -1.2055 1.9595
1.2647 -1.2221 1.9564
1.2610 -1.2385 1.9530
1.2570 -1.2549 1.9492
1.2526 -1.2710 1.9451
1.2479 -1.2871 1.9406
1.2429 -1.3030 1.9358
1.2375 -1.3187 1.9307
1.2318 -1.3341 1.9252
1.2257 -1.3494 1.9194
1.2194 -1.3645 1.9132
1.2127 -1.3793 1.9067
1.2057 -1.3938 1.8999
1.1983 -1.4081 1.8928
1.1907 -1.4220 1.8854
1.1828 -1.4357 1.8777
1.1745 -1.4490 1.8696
1.1660 -1.4621 1.8613
1.1572 -1.4747 1.8527
1.1482 -1.4870 1.8438
1.1389 -1.4989 1.8347
1.1293 -1.5104 1.8253
1.1195 -1.5216 1.8157
1.1094 -1.5323 1.8058
1.0991 -1.5426 1.7956
1.0887 -1.5524 1.7853
1.0779 -1.5618 1.7747
1.0670 -1.5708 1.7640
1.0560 -1.5793 1.7530
1.0447 -1.5873 1.7419
1.0333 -1.5948 1.7306
1.0217 -1.6019 1.7191
1.0100 -1.6084 1.7075
0.9982 -1.6145 1.6957
0.9862 -1.6200 1.6839
0.9741 -1.6250 1.6719
0.9620 -1.6296 1.6598
0.9497 -1.6335 1.6476
0.9374 -1.6370 1.6354
0.9250 -1.6400 1.6230
0.9126 -1.6424 1.6107
0.9002 -1.6442 1.5983
0.8877 -1.6456 1.5858
0.8753 -1.6464 1.5734
0.8628 -1.6467 1.5609
0.8503 -1.6465 1.5485
0.8379 -1.6457 1.5361
0.8255 -1.6444 1.5237
0.8132 -1.6426 1.5113
0.8010 -1.6403 1.4990
0.7888 -1.6375 1.4868
0.7767 -1.6341 1.4747
0.7647 -1.6303 1.4626
0.7528 -1.6260 1.4507
0.7410 -1.6212 1.4389
0.7294 -1.6159 1.4272
0.7179 -1.6101 1.4156
0.7066 -1.6038 1.4042
0.6954 -1.5972 1.3929
0.6844 -1.5900 1.3818
0.6735 -1.5825 1.3709
0.6629 -1.5745 1.3601
0.6525 -1.5660 1.3496
0.6422 -1.5572 1.3392
0.6322 -1.5480 1.3291
0.6224 -1.5384 1.3191
0.6129 -1.5285 1.3094
0.6035 -1.5182 1.3000
0.5944 -1.5075 1.2907
0.5856 -1.4965 1.2817
0.5770 -1.4852 1.2730
0.5687 -1.4736 1.2645
0.5606 -1.4617 1.2563
0.5528 -1.4495 1.2483
0.5453 -1.4371 1.2406
0.5381 -1.4244 1.2332
0.5311 -1.4115 1.2261
0.5244 -1.3984 1.2192
0.5181 -1.3850 1.2126
0.5120 -1.3715 1.2063
0.5061 -1.3578 1.2003
0.5006 -1.3439 1.1946
0.4954 -1.3299 1.1892
0.4905 -1.3157 1.1841
0.4858 -1.3015 1.1792
0.4815 -1.2871 1.1747
0.4774 -1.2726 1.1704
0.4737 -1.2581 1.1664
0.4702 -1.2435 1.1628
0.4670 -1.2288 1.1594
0.4641 -1.2141 1.1563
0.4615 -1.1994 1.1535
0.4592 -1.1846 1.1509
0.4572 -1.1699 1.1487
0.4554 -1.1552 1.1467
0.4539 -1.1405 1.1450
0.4527 -1.1258 1.1436
0.4518 -1.1112 1.1424
0.4511 -1.0967 1.1415
0.4506 -1.0822 1.1409
0.4505 -1.0678 1.1405
0.4505 -1.0535 1.1403
0.4508 -1.0393 1.1404
0.4514 -1.0252 1.1408
0.4522 -1.0112 1.1414
0.4532 -0.9974 1.1422
0.4544 -0.9836 1.1432
0.4558 -0.9701 1.1445
0.4575 -0.9567 1.1459
0.4594 -0.9434 1.1476
0.4614 -0.9303 1.1494
0.4636 -0.9174 1.1515
0.4661 -0.9047 1.1537
0.4687 -0.8922 1.1561
0.4714 -0.8798 1.1587
0.4744 -0.8677 1.1615
0.4775 -0.8557 1.1644
0.4807 -0.8440 1.1675
0.4841 -0.8324 1.1707
0.4876 -0.8211 1.1740
0.4912 -0.8100 1.1775
0.4950 -0.7991 1.1811
0.4989 -0.7884 1.1849
0.5029 -0.7780 1.1887
0.5070 -0.7678 1.1926
0.5112 -0.7578 1.1967
0.5154 -0.7480 1.2008
0.5198 -0.7385 1.2050
0.5242 -0.7292 1.2093
0.5287 -0.7201 1.2137
0.5333 -0.7113 1.2181
0.5379 -0.7026 1.2226
0.5425 -0.6943 1.2271
0.5472 -0.6861 1.2317
0.5519 -0.6782 1.2363
0.5567 -0.6705 1.2409
0.5615 -0.6630 1.2456
0.5663 -0.6557 1.2503
0.5711 -0.6487 1.2550
0.5759 -0.6419 1.2597
0.5807 -0.6352 1.2644
0.5855 -0.6289 1.2691
0.5903 -0.6227 1.2738
0.5951 -0.6167 1.2785
0.5999 -0.6109 1.2832
0.6046 -0.6054 1.2879
0.6093 -0.6000 1.2925
0.6140 -0.5948 1.2971
0.6186 -0.5898 1.3016
0.6232 -0.5850 1.3061
0.6277 -0.5804 1.3106
0.6322 -0.5760 1.3150
0.6366 -0.5717 1.3193
0.6409 -0.5676 1.3236
0.6452 -0.5637 1.3278
0.6494 -0.5600 1.3320
0.6536 -0.5564 1.3361
0.6576 -0.5530 1.3401
0.6616 -0.5497 1.3440
0.6655 -0.5465 1.3478
0.6693 -0.5436 1.3516
0.6730 -0.5407 1.3553
0.6766 -0.5380 1.3588
0.6801 -0.5354 1.3623
0.6835 -0.5330 1.3657
0.6869 -0.5307 1.3690
0.6901 -0.5285 1.3722
0.6932 -0.5264 1.3752
0.6962 -0.5245 1.3782
0.6990 -0.5226 1.3810
0.7018 -0.5209 1.3838
0.7044 -0.5192 1.3864
0.7070 -0.5177 1.3889
0.7094 -0.5163 1.3913
0.7116 -0.5149 1.3935
0.7138 -0.5137 1.3957
0.7158 -0.5126 1.3977
0.7177 -0.5115 1.3995
0.7195 -0.5105 1.4013
0.7211 -0.5096 1.4029
0.7226 -0.5088 1.4044
0.7240 -0.5081 1.4057
0.7252 -0.5075 1.4069
0.7263 -0.5069 1.4080
0.7272 -0.5064 1.4090
0.7280 -0.5060 1.4097
0.7287 -0.5057 1.4104
0.7292 -0.5054 1.4109
0.7295 -0.5052 1.4113
0.7298 -0.5051 1.4115
0.7298 -0.5051 1.4116
0.7298 -0.5051 1.4116
0.7298 -0.5051 1.4116
0.7298 -0.5051 1.4116
0.7298 -0.5051 1.4116
0.7298 -0.5051 1.4116
0.7298 -0.5051 1.4116
0.7298 -0.5051 1.4116
0.7298 -0.5051 1.4116
0.7298 -0.5051 1.4116
0.7298 -0.5051 1.4116
0.7298 -0.5051 1.4116
0.7298 -0.5051 1.4116
0.7298 -0.5051 1.4116
0.7298 -0.5051 1.4116
0.7298 -0.5051 1.4116
0.7298 -0.5051 1.4116
0.7298 -0.5051 1.4116
0.7298 -0.5051 1.4116
0.7298 -0.5051 1.4116
0.7298 -0.5051 1.4116
0.7298 -0.5051 1.4116
0.7298 -0.5051 1.4116
0.7298 -0.5051 1.4116
0.7298 -0.5051 1.4116
0.7298 -0.5051 1.4116
0.7298 -0.5051 1.4116
0.7298 -0.5051 1.4116
0.7298 -0.5051 1.4116
0.7298 -0.5051 1.4116
0.7298 -0.5051 1.4116
0.7256 -0.4995 1.4162
0.7197 -0.4931 1.4224
0.7114 -0.4863 1.4305
0.7007 -0.4798 1.4408
0.6878 -0.4743 1.4532
0.6729 -0.4700 1.4681
0.6566 -0.4666 1.4855
0.6392 -0.4639 1.5056
0.6215 -0.4617 1.5279
0.6039 -0.4599 1.5519
0.5869 -0.4582 1.5774
0.5707 -0.4565 1.6042
0.5554 -0.4547 1.6319
0.5410 -0.4528 1.6604
0.5272 -0.4508 1.6896
0.5138 -0.4479 1.7137
0.5002 -0.4452 1.7388
0.4865 -0.4426 1.7647
0.4727 -0.4401 1.7913
0.4590 -0.4378 1.8186
0.4454 -0.4356 1.8462
0.4320 -0.4337 1.8740
0.4189 -0.4319 1.9020
0.4061 -0.4301 1.9302
0.3937 -0.4285 1.9583
0.3818 -0.4269 1.9863
0.3703 -0.4254 2.0142
0.3595 -0.4238 2.0416
0.3492 -0.4223 2.0686
0.3395 -0.4207 2.0949
0.3304 -0.4192 2.1206
0.3218 -0.4176 2.1455
0.3139 -0.4160 2.1696
0.3065 -0.4145 2.1927
0.2975 -0.4125 2.2211
0.2893 -0.4104 2.2490
0.2817 -0.4083 2.2760
0.2746 -0.4062 2.3018
0.2678 -0.4042 2.3262
0.2615 -0.4024 2.3488
0.2558 -0.4008 2.3690
0.2510 -0.3994 2.3864
0.2469 -0.3983 2.4011
0.2432 -0.3972 2.4143
0.2401 -0.3963 2.4253
0.2377 -0.3956 2.4343
0.2357 -0.3950 2.4414
0.2335 -0.3944 2.4490
0.2335 -0.3944 2.4490
0.2335 -0.3944 2.4490
0.2335 -0.3944 2.4490
0.2335 -0.3944 2.4490
0.2335 -0.3944 2.4490
0.2335 -0.3944 2.4490
0.2335 -0.3944 2.4490
0.2335 -0.3944 2.4490
0.2335 -0.3944 2.4490
0.2335 -0.3944 2.4490
0.2335 -0.3944 2.4490
0.2335 -0.3944 2.4490
0.2335 -0.3944 2.4490
0.2335 -0.3944 2.4490
0.2335 -0.3944 2.4490
0.2335 -0.3944 2.4490
0.2335 -0.3944 2.4490
0.2335 -0.3944 2.4490
0.2335 -0.3944 2.4490
0.2335 -0.3944 2.4490
0.2335 -0.3944 2.4490
0.2335 -0.3944 2.4490
0.2335 -0.3944 2.4490
0.2335 -0.3944 2.4490
0.2335 -0.3944 2.4490
0.2335 -0.3944 2.4490
0.2335 -0.3944 2.4490
0.2335 -0.3944 2.4490
0.2335 -0.3944 2.4490
0.2335 -0.3944 2.4490
0.2335 -0.3944 2.4490
0.2335 -0.3944 2.4490
0.2335 -0.3944 2.4490
0.2335 -0.3944 2.4490
0.2335 -0.3944 2.4490
0.2335 -0.3944 2.4490
0.2335 -0.3944 2.4490
0.2335 -0.3944 2.4490
0.2335 -0.3944 2.4490
0.2335 -0.3944 2.4490
0.2335 -0.3944 2.4490
0.2335 -0.3944 2.4490
0.2335 -0.3944 2.4490
0.2335 -0.3944 2.4490
0.2335 -0.3944 2.4490
0.2335 -0.3944 2.4490
0.2335 -0.3944 2.4490
0.2335 -0.3944 2.4490
0.2335 -0.3944 2.4490
0.2335 -0.3944 2.4490
0.2335 -0.3944 2.4490
0.2335 -0.3944 2.4490
0.2335 -0.3944 2.4490
0.2335 -0.3944 2.4490
0.2335 -0.3944 2.4490
0.2335 -0.3944 2.4490
0.2335 -0.3944 2.4490
0.2335 -0.3944 2.4490
0.2335 -0.3944 2.4490
0.2335 -0.3944 2.4490
0.2335 -0.3944 2.4490
0.2335 -0.3944 2.4490
0.2335 -0.3944 2.4490
0.2335 -0.3944 2.4490
0.2335 -0.3944 2.4490
0.2335 -0.3944 2.4490
0.2335 -0.3944 2.4490
0.2335 -0.3944 2.4490
0.2335 -0.3944 2.4490
0.2335 -0.3944 2.4490
0.2335 -0.3944 2.4490
0.2335 -0.3944 2.4490
0.2335 -0.3944 2.4490
0.2335 -0.3944 2.4490
0.2335 -0.3944 2.4490
0.2335 -0.3944 2.4490
0.2335 -0.3944 2.4490
0.2335 -0.3944 2.4490
0.2335 -0.3944 2.4490
0.2335 -0.3944 2.4490
0.2335 -0.3944 2.4490
0.2335 -0.3944 2.4490
0.2335 -0.3944 2.4490
0.2335 -0.3944 2.4490
0.2335 -0.3944 2.4490
0.2335 -0.3944 2.4490
0.2335 -0.3944 2.4490
0.2335 -0.3944 2.4490
0.2335 -0.3944 2.4490
0.2335 -0.3944 2.4490
0.2335 -0.3944 2.4490
0.2335 -0.3944 2.4490
0.2335 -0.3944 2.4490
0.2335 -0.3944 2.4490
0.2335 -0.3944 2.4490
0.2335 -0.3944 2.4490
0.2335 -0.3944 2.4490
0.2335 -0.3944 2.4490
0.2335 -0.3944 2.4490
0.2335 -0.3944 2.4490
0.2335 -0.3949 2.4496
0.2335 -0.3956 2.4505
0.2335 -0.3967 2.4518
0.2335 -0.3980 2.4534
0.2335 -0.3996 2.4553
0.2334 -0.4016 2.4577
0.2334 -0.4038 2.4603
0.2334 -0.4063 2.4633
0.2333 -0.4092 2.4666
0.2333 -0.4123 2.4703
0.2332 -0.4157 2.4742
0.2332 -0.4195 2.4785
0.2331 -0.4235 2.4831
0.2331 -0.4279 2.4880
0.2330 -0.4326 2.4931
0.2329 -0.4376 2.4986
0.2328 -0.4429 2.5043
0.2328 -0.4486 2.5103
0.2327 -0.4545 2.5165
0.2326 -0.4609 2.5230
0.2325 -0.4675 2.5298
0.2324 -0.4745 2.5367
0.2323 -0.4819 2.5439
0.2322 -0.4896 2.5513
0.2321 -0.4976 2.5589
0.2319 -0.5060 2.5667
0.2318 -0.5148 2.5746
0.2317 -0.5240 2.5827
0.2315 -0.5335 2.5910
0.2314 -0.5435 2.5994
0.2312 -0.5538 2.6079
0.2311 -0.5645 2.6165
0.2309 -0.5756 2.6253
0.2308 -0.5871 2.6341
0.2306 -0.5990 2.6430
0.2304 -0.6113 2.6519
0.2302 -0.6240 2.6609
0.2300 -0.6371 2.6699
0.2298 -0.6507 2.6789
0.2296 -0.6646 2.6879
0.2294 -0.6790 2.6969
0.2292 -0.6939 2.7058
0.2290 -0.7091 2.7147
0.2288 -0.7248 2.7235
0.2285 -0.7409 2.7322
0.2283 -0.7575 2.7408
0.2281 -0.7744 2.7493
0.2278 -0.7919 2.7576
0.2275 -0.8097 2.7658
0.2273 -0.8280 2.7738
0.2270 -0.8467 2.7816
0.2267 -0.8658 2.7891
0.2265 -0.8853 2.7964
0.2262 -0.9053 2.8035
0.2259 -0.9257 2.8103
0.2256 -0.9464 2.8167
0.2253 -0.9676 2.8229
0.2250 -0.9892 2.8287
0.2246 -1.0112 2.8342
0.2243 -1.0336 2.8392
0.2240 -1.0563 2.8439
0.2236 -1.0794 2.8482
0.2233 -1.1028 2.8520
0.2230 -1.1266 2.8554
0.2226 -1.1508 2.8583
0.2223 -1.1752 2.8608
0.2219 -1.2000 2.8627
0.2215 -1.2251 2.8641
0.2212 -1.2504 2.8649
0.2208 -1.2760 2.8652
0.2204 -1.3019 2.8649
0.2201 -1.3280 2.8639
0.2197 -1.3543 2.8624
0.2193 -1.3808 2.8603
0.2189 -1.4075 2.8575
0.2185 -1.4343 2.8540
0.2181 -1.4613 2.8499
0.2177 -1.4884 2.8451
0.2173 -1.5156 2.8396
0.2170 -1.5429 2.8333
0.2166 -1.5702 2.8264
0.2162 -1.5975 2.8187
0.2158 -1.6249 2.8103
0.2154 -1.6522 2.8011
0.2150 -1.6795 2.7911
0.2146 -1.7067 2.7804
0.2142 -1.7338 2.7689
0.2138 -1.7608 2.7567
0.2134 -1.7876 2.7436
0.2130 -1.8142 2.7298
0.2127 -1.8407 2.7152
0.2123 -1.8669 2.6998
0.2119 -1.8928 2.6835
0.2115 -1.9184 2.6665
0.2112 -1.9437 2.6488
0.2108 -1.9687 2.6302
0.2104 -1.9932 2.6109
0.2101 -2.0174 2.5907
0.2098 -2.0411 2.5698
0.2094 -2.0643 2.5482
0.2091 -2.0870 2.5258
0.2088 -2.1092 2.5027
0.2085 -2.1308 2.4788
0.2082 -2.1519 2.4542
0.2079 -2.1723 2.4290
0.2076 -2.1921 2.4030
0.2073 -2.2112 2.3764
0.2070 -2.2296 2.3491
0.2068 -2.2473 2.3212
0.2065 -2.2642 2.2927
0.2063 -2.2803 2.2636
0.2061 -2.2957 2.2339
0.2059 -2.3102 2.2037
0.2057 -2.3239 2.1729
0.2055 -2.3367 2.1417
0.2053 -2.3486 2.1100
0.2052 -2.3595 2.0779
0.2050 -2.3696 2.0453
0.2049 -2.3787 2.0124
0.2048 -2.3868 1.9791
0.2047 -2.3939 1.9455
0.2046 -2.4001 1.9116
0.2045 -2.4052 1.8775
0.2044 -2.4093 1.8431
0.2044 -2.4123 1.8085
0.2044 -2.4143 1.7738
0.2044 -2.4153 1.7390
0.2044 -2.4152 1.7041
0.2044 -2.4140 1.6691
0.2044 -2.4117 1.6341
0.2045 -2.4083 1.5992
0.2045 -2.4039 1.5643
0.2046 -2.3983 1.5295
0.2047 -2.3917 1.4949
0.2048 -2.3840 1.4604
0.2049 -2.3753 1.4261
0.2051 -2.3654 1.3921
0.2052 -2.3545 1.3584
0.2054 -2.3425 1.3250
0.2056 -2.3295 1.2919
0.2058 -2.3155 1.2592
0.2060 -2.3004 1.2270
0.2062 -2.2843 1.1953
0.2065 -2.2672 1.1640
0.2068 -2.2492 1.1333
0.2070 -2.2302 1.1031
0.2073 -2.2102 1.0735
0.2076 -2.1893 1.0446
0.2079 -2.1675 1.0163
0.2083 -2.1449 0.9888
0.2086 -2.1214 0.9619
0.2089 -2.0971 0.9358
0.2093 -2.0719 0.9105
0.2097 -2.0460 0.8860
0.2101 -2.0194 0.8623
0.2105 -1.9920 0.8395
0.2109 -1.9640 0.8176
0.2113 -1.9353 0.7965
0.2117 -1.9059 0.7764
0.2121 -1.8760 0.7572
0.2126 -1.8456 0.7390
0.2130 -1.8146 0.7217
0.2135 -1.7831 0.7055
0.2139 -1.7512 0.6902
0.2144 -1.7189 0.6759
0.2149 -1.6861 0.6627
0.2154 -1.6531 0.6505
0.2158 -1.6197 0.6394
0.2163 -1.5860 0.6293
0.2168 -1.5522 0.6203
0.2173 -1.5181 0.6123
0.2178 -1.4838 0.6054
0.2183 -1.4495 0.5995
0.2188 -1.4150 0.5948
0.2193 -1.3805 0.5910
0.2198 -1.3460 0.5884
0.2203 -1.3115 0.5867
0.2208 -1.2770 0.5862
0.2213 -1.2427 0.5866
0.2218 -1.2084 0.5881
0.2223 -1.1743 0.5906
0.2228 -1.1404 0.5942
0.2233 -1.1067 0.5987
0.2237 -1.0733 0.6042
0.2242 -1.0402 0.6107
0.2247 -1.0074 0.6181
0.2252 -0.9749 0.6264
0.2256 -0.9428 0.6357
0.2261 -0.9111 0.6459
0.2265 -0.8798 0.6569
0.2270 -0.8490 0.6688
0.2274 -0.8186 0.6816
0.2278 -0.7888 0.6951
0.2283 -0.7595 0.7095
0.2287 -0.7307 0.7246
0.2291 -0.7025 0.7405
0.2295 -0.6749 0.7570
0.2299 -0.6478 0.7743
0.2303 -0.6214 0.7922
0.2306 -0.5957 0.8108
0.2310 -0.5706 0.8299
0.2314 -0.5461 0.8497
0.2317 -0.5224 0.8700
0.2320 -0.4993 0.8909
0.2323 -0.4769 0.9122
0.2327 -0.4553 0.9340
0.2330 -0.4343 0.9563
0.2333 -0.4141 0.9790
0.2335 -0.3946 1.0020
0.2338 -0.3759 1.0255
0.2341 -0.3578 1.0492
0.2343 -0.3406 1.0733
0.2346 -0.3240 1.0976
0.2348 -0.3082 1.1222
0.2350 -0.2931 1.1471
0.2352 -0.2788 1.1721
0.2354 -0.2652 1.1972
0.2356 -0.2524 1.2226
0.2358 -0.2402 1.2480
0.2359 -0.2288 1.2735
0.2361 -0.2181 1.2991
0.2362 -0.2081 1.3247
0.2364 -0.1988 1.3504
0.2365 -0.1902 1.3760
0.2366 -0.1823 1.4017
0.2367 -0.1750 1.4272
0.2368 -0.1684 1.4527
0.2369 -0.1625 1.4781
0.2370 -0.1571 1.5034
0.2370 -0.1524 1.5286
0.2371 -0.1483 1.5536
0.2371 -0.1448 1.5784
0.2372 -0.1419 1.6031
0.2372 -0.1395 1.6275
0.2373 -0.1376 1.6518
0.2373 -0.1363 1.6758
0.2373 -0.1355 1.6995
0.2373 -0.1352 1.7230
0.2373 -0.1354 1.7462
0.2373 -0.1361 1.7691
0.2373 -0.1372 1.7917
0.2372 -0.1387 1.8140
0.2372 -0.1406 1.8360
0.2372 -0.1429 1.8576
0.2371 -0.1456 1.8789
0.2371 -0.1486 1.8998
0.2370 -0.1520 1.9204
0.2370 -0.1557 1.9406
0.2369 -0.1597 1.9605
0.2369 -0.1640 1.9799
0.2368 -0.1685 1.9990
0.2367 -0.1733 2.0177
0.2367 -0.1783 2.0360
0.2366 -0.1836 2.0539
0.2365 -0.1890 2.0714
0.2364 -0.1946 2.0885
0.2363 -0.2003 2.1052
0.2363 -0.2062 2.1214
0.2362 -0.2122 2.1373
0.2361 -0.2183 2.1527
0.2360 -0.2245 2.1678
0.2359 -0.2308 2.1824
0.2358 -0.2372 2.1966
0.2357 -0.2436 2.2104
0.2356 -0.2500 2.2238
0.2355 -0.2564 2.2368
0.2354 -0.2628 2.2494
0.2354 -0.2692 2.2616
0.2353 -0.2755 2.2733
0.2352 -0.2819 2.2847
0.2351 -0.2881 2.2957
0.2350 -0.2943 2.3062
0.2349 -0.3004 2.3164
0.2348 -0.3064 2.3261
0.2347 -0.3123 2.3355
0.2346 -0.3180 2.3445
0.2346 -0.3236 2.3531
0.2345 -0.3291 2.3613
0.2344 -0.3344 2.3692
0.2343 -0.3396 2.3766
0.2343 -0.3445 2.3837
0.2342 -0.3493 2.3904
0.2341 -0.3539 2.3967
0.2341 -0.3583 2.4027
0.2340 -0.3624 2.4083
0.2339 -0.3664 2.4135
0.2339 -0.3701 2.4184
0.2338 -0.3735 2.4229
0.2338 -0.3768 2.4270
0.2338 -0.3797 2.4308
0.2337 -0.3824 2.4342
0.2337 -0.3849 2.4373
0.2336 -0.3871 2.4400
0.2336 -0.3889 2.4423
0.2336 -0.3906 2.4443
0.2336 -0.3919 2.4460
0.2336 -0.3929 2.4472
0.2336 -0.3937 2.4481
0.2335 -0.3941 2.4487
0.2335 -0.3943 2.4489
0.2335 -0.3943 2.4489
0.2338 -0.3972 2.4413
0.2340 -0.4006 2.4324
0.2343 -0.4048 2.4215
0.2347 -0.4098 2.4084
0.2352 -0.4156 2.3932
0.2357 -0.4222 2.3759
0.2362 -0.4297 2.3564
0.2368 -0.4379 2.3349
0.2371 -0.4464 2.3120
0.2371 -0.4552 2.2882
0.2368 -0.4640 2.2635
0.2361 -0.4729 2.2384
0.2352 -0.4819 2.2129
0.2340 -0.4909 2.1873
0.2325 -0.5000 2.1616
0.2316 -0.5080 2.1392
0.2306 -0.5163 2.1162
0.2295 -0.5248 2.0927
0.2283 -0.5334 2.0687
0.2271 -0.5422 2.0443
0.2259 -0.5511 2.0196
0.2247 -0.5600 1.9946
0.2236 -0.5689 1.9696
0.2225 -0.5778 1.9445
0.2215 -0.5867 1.9195
0.2207 -0.5954 1.8947
0.2199 -0.6040 1.8704
0.2193 -0.6124 1.8465
0.2188 -0.6207 1.8231
0.2184 -0.6287 1.8004
0.2182 -0.6365 1.7785
0.2182 -0.6441 1.7573
0.2184 -0.6515 1.7370
0.2188 -0.6588 1.7175
0.2194 -0.6659 1.6989
0.2202 -0.6729 1.6813
0.2211 -0.6795 1.6645
0.2220 -0.6858 1.6487
0.2230 -0.6918 1.6338
0.2228 -0.6992 1.6139
0.2230 -0.7063 1.5951
0.2237 -0.7131 1.5775
0.2251 -0.7195 1.5612
0.2273 -0.7253 1.5464
0.2305 -0.7305 1.5335
0.2343 -0.7351 1.5228
0.2387 -0.7393 1.5144
0.2433 -0.7432 1.5083
0.2481 -0.7470 1.5040
0.2528 -0.7506 1.5013
0.2572 -0.7542 1.5001
0.2606 -0.7571 1.5000
0.2612 -0.7577 1.4999
0.2612 -0.7577 1.4999
0.2612 -0.7577 1.4999
0.2612 -0.7577 1.4999
0.2612 -0.7577 1.4999
0.2612 -0.7577 1.4999
0.2612 -0.7577 1.4999
0.2612 -0.7577 1.4999
0.2612 -0.7577 1.4999
0.2612 -0.7577 1.4999
0.2612 -0.7577 1.4999
0.2612 -0.7577 1.5004
0.2612 -0.7577 1.5019
0.2612 -0.7578 1.5043
0.2612 -0.7578 1.5076
0.2612 -0.7579 1.5119
0.2612 -0.7580 1.5170
0.2612 -0.7583 1.5230
0.2612 -0.7586 1.5300
0.2612 -0.7592 1.5377
0.2612 -0.7599 1.5463
0.2612 -0.7609 1.5557
0.2612 -0.7621 1.5660
0.2612 -0.7637 1.5769
0.2612 -0.7657 1.5887
0.2612 -0.7681 1.6011
0.2612 -0.7710 1.6142
0.2612 -0.7744 1.6280
0.2612 -0.7785 1.6424
0.2612 -0.7831 1.6573
0.2612 -0.7885 1.6727
0.2612 -0.7947 1.6886
0.2612 -0.8017 1.7049
0.2612 -0.8095 1.7215
0.2612 -0.8183 1.7385
0.2612 -0.8280 1.7556
0.2612 -0.8388 1.7728
0.2612 -0.8505 1.7901
0.2612 -0.8634 1.8074
0.2612 -0.8774 1.8245
0.2612 -0.8925 1.8414
0.2612 -0.9087 1.8580
0.2612 -0.9261 1.8742
0.2612 -0.9447 1.8898
0.2612 -0.9644 1.9049
0.2612 -0.9853 1.9192
0.2612 -1.0073 1.9327
0.2612 -1.0303 1.9452
0.2612 -1.0544 1.9567
0.2612 -1.0795 1.9671
0.2612 -1.1055 1.9762
0.2612 -1.1324 1.9840
0.2612 -1.1601 1.9903
0.2612 -1.1885 1.9951
0.2612 -1.2175 1.9983
0.2612 -1.2469 1.9998
0.2612 -1.2768 1.9996
0.2612 -1.3069 1.9975
0.2612 -1.3372 1.9936
0.2612 -1.3674 1.9878
0.2612 -1.3975 1.9800
0.2612 -1.4273 1.9703
0.2612 -1.4567 1.9586
0.2612 -1.4855 1.9450
0.2612 -1.5136 1.9295
0.2612 -1.5408 1.9121
0.2612 -1.5670 1.8928
0.2612 -1.5921 1.8717
0.2612 -1.6158 1.8490
0.2612 -1.6381 1.8245
0.2612 -1.6588 1.7986
0.2612 -1.6778 1.7712
0.2612 -1.6950 1.7425
0.2612 -1.7102 1.7127
0.2612 -1.7235 1.6818
0.2612 -1.7347 1.6499
0.2612 -1.7438 1.6174
0.2612 -1.7506 1.5843
0.2612 -1.7552 1.5507
0.2612 -1.7575 1.5169
0.2612 -1.7575 1.4830
0.2612 -1.7552 1.4492
0.2612 -1.7506 1.4156
0.2612 -1.7438 1.3825
0.2612 -1.7347 1.3500
0.2612 -1.7235 1.3181
0.2612 -1.7102 1.2872
0.2612 -1.6950 1.2574
0.2612 -1.6778 1.2287
0.2612 -1.6588 1.2013
0.2612 -1.6381 1.1754
0.2612 -1.6158 1.1509
0.2612 -1.5921 1.1282
0.2612 -1.5670 1.1071
0.2612 -1.5408 1.0878
0.2612 -1.5136 1.0704
0.2612 -1.4855 1.0549
0.2612 -1.4567 1.0413
0.2612 -1.4273 1.0296
0.2612 -1.3975 1.0199
0.2612 -1.3674 1.0121
0.2612 -1.3372 1.0063
0.2612 -1.3069 1.0024
0.2612 -1.2768 1.0003
0.2612 -1.2469 1.0001
0.2612 -1.2175 1.0016
0.2612 -1.1885 1.0048
0.2612 -1.1601 1.0096
0.2612 -1.1324 1.0159
0.2612 -1.1055 1.0237
0.2612 -1.0795 1.0328
0.2612 -1.0544 1.0432
0.2612 -1.0303 1.0547
0.2612 -1.0073 1.0672
0.2612 -0.9853 1.0807
0.2612 -0.9644 1.0950
0.2612 -0.9447 1.1101
0.2612 -0.9261 1.1257
0.2612 -0.9087 1.1419
0.2612 -0.8925 1.1585
0.2612 -0.8774 1.1754
0.2612 -0.8634 1.1925
0.2612 -0.8505 1.2098
0.2612 -0.8388 1.2271
0.2612 -0.8280 1.2443
0.2612 -0.8183 1.2614
0.2612 -0.8095 1.2784
0.2612 -0.8017 1.2950
0.2612 -0.7947 1.3113
0.2612 -0.7885 1.3272
0.2612 -0.7831 1.3426
0.2612 -0.7785 1.3575
0.2612 -0.7744 1.3719
0.2612 -0.7710 1.3857
0.2612 -0.7681 1.3988
0.2612 -0.7657 1.4112
0.2612 -0.7637 1.4230
0.2612 -0.7621 1.4339
0.2612 -0.7609 1.4442
0.2612 -0.7599 1.4536
0.2612 -0.7592 1.4622
0.2612 -0.7586 1.4699
0.2612 -0.7583 1.4769
0.2612 -0.7580 1.4829
0.2612 -0.7579 1.4880
0.2612 -0.7578 1.4923
0.2612 -0.7578 1.4956
0.2612 -0.7577 1.4980
0.2612 -0.7577 1.4995
0.2612 -0.7577 1.5000
0.2612 -0.7577 1.5000
0.2612 -0.7577 1.5000
0.2692 -0.7576 1.5000
0.2782 -0.7575 1.5000
0.2889 -0.7573 1.5000
0.3016 -0.7571 1.5000
0.3161 -0.7569 1.5000
0.3325 -0.7566 1.5000
0.3507 -0.7563 1.5000
0.3703 -0.7560 1.5000
0.3907 -0.7557 1.5000
0.4114 -0.7554 1.5000
0.4317 -0.7551 1.5000
0.4512 -0.7548 1.5000
0.4698 -0.7545 1.5000
0.4870 -0.7542 1.5000
0.5030 -0.7539 1.5000
0.5186 -0.7537 1.5000
0.5341 -0.7534 1.5000
0.5494 -0.7532 1.5000
0.5643 -0.7530 1.5000
0.5824 -0.7527 1.5000
0.6011 -0.7524 1.5000
0.6201 -0.7521 1.5000
0.6391 -0.7518 1.5000
0.6576 -0.7515 1.5000
0.6749 -0.7512 1.5000
0.6907 -0.7510 1.5000
0.7045 -0.7508 1.5000
0.7164 -0.7506 1.5000
0.7264 -0.7504 1.5000
0.7347 -0.7503 1.5000
0.7414 -0.7502 1.5000
0.7472 -0.7501 1.5000
0.7500 -0.7500 1.5000
0.7500 -0.7500 1.4900
0.7500 -0.7500 1.4800
0.7500 -0.7500 1.4700
0.7500 -0.7500 1.4600
0.7500 -0.7500 1.4500
0.7500 -0.7500 1.4400
0.7500 -0.7500 1.4299
0.7500 -0.7500 1.4199
0.7500 -0.7500 1.4099
0.7500 -0.7500 1.3999
0.7500 -0.7500 1.3899
0.7500 -0.7500 1.3799
0.7500 -0.7500 1.3700
0.7500 -0.7500 1.3600
0.7500 -0.7500 1.3500
0.7500 -0.7500 1.3400
0.7500 -0.7500 1.3300
0.7500 -0.7500 1.3200
0.7500 -0.7500 1.3099
0.7500 -0.7500 1.2999
0.7500 -0.7500 1.2899
0.7500 -0.7500 1.2799
0.7500 -0.7500 1.2699
0.7500 -0.7500 1.2599
0.7500 -0.7500 1.2500
0.7500 -0.7500 1.2400
0.7500 -0.7500 1.2300
0.7500 -0.7500 1.2200
0.7500 -0.7500 1.2100
0.7500 -0.7500 1.2000
0.7500 -0.7500 1.1900
0.7500 -0.7500 1.1799
0.7500 -0.7500 1.1699
0.7500 -0.7500 1.1599
0.7500 -0.7500 1.1499
0.7500 -0.7500 1.1399
0.7500 -0.7500 1.1299
0.7500 -0.7500 1.1200
0.7500 -0.7500 1.1100
0.7500 -0.7500 1.1000
0.7500 -0.7500 1.0900
0.7500 -0.7500 1.0800
0.7500 -0.7500 1.0700
0.7500 -0.7500 1.0599
0.7500 -0.7500 1.0499
0.7500 -0.7500 1.0399
0.7500 -0.7500 1.0299
0.7500 -0.7500 1.0199
0.7500 -0.7500 1.0099
0.7500 -0.7500 1.0000
0.7500 -0.7500 0.9900
0.7500 -0.7500 0.9800
0.7500 -0.7500 0.9700
0.7500 -0.7500 0.9599
0.7500 -0.7500 0.9499
0.7500 -0.7500 0.9399
0.7500 -0.7500 0.9300
0.7500 -0.7500 0.9200
0.7500 -0.7500 0.9100
0.7500 -0.7500 0.8999
0.7500 -0.7500 0.8899
0.7500 -0.7500 0.8799
0.7500 -0.7500 0.8700
0.7500 -0.7500 0.8600
0.7500 -0.7500 0.8500
0.7500 -0.7500 0.8399
0.7500 -0.7500 0.8299
0.7500 -0.7500 0.8199
0.7500 -0.7500 0.8100
0.7500 -0.7500 0.8000
0.7500 -0.7500 0.7900
0.7500 -0.7500 0.7799
0.7500 -0.7500 0.7699
0.7500 -0.7500 0.7599
0.7500 -0.7500 0.7500
0.7500 -0.7500 0.7400
0.7500 -0.7500 0.7300
0.7500 -0.7500 0.7200
0.7500 -0.7500 0.7099
0.7500 -0.7500 0.6999
0.7500 -0.7500 0.6899
0.7500 -0.7500 0.6800
0.7500 -0.7500 0.6700
0.7500 -0.7500 0.6600
0.7500 -0.7500 0.6499
0.7500 -0.7500 0.6399
0.7500 -0.7500 0.6299
0.7500 -0.7500 0.6200
0.7500 -0.7500 0.6100
0.7500 -0.7500 0.6000
0.7500 -0.7500 0.5899
0.7500 -0.7500 0.5799
0.7500 -0.7500 0.5699
0.7500 -0.7500 0.5600
0.7500 -0.7500 0.5500
0.7500 -0.7500 0.5400
0.7500 -0.7500 0.5299
0.7500 -0.7500 0.5199
0.7500 -0.7500 0.5099
0.7500 -0.7500 0.5000
0.7500 -0.7500 0.4900
0.7500 -0.7500 0.4799
0.7500 -0.7500 0.4699
0.7500 -0.7500 0.4600
0.7500 -0.7500 0.4499
0.7500 -0.7500 0.4399
0.7500 -0.7500 0.4300
0.7500 -0.7500 0.4199
0.7500 -0.7500 0.4099
0.7500 -0.7500 0.4000
0.7500 -0.7500 0.3899
0.7500 -0.7500 0.3799
0.7500 -0.7500 0.3700
0.7500 -0.7500 0.3600
0.7500 -0.7500 0.3499
0.7500 -0.7500 0.3400
0.7500 -0.7500 0.3300
0.7500 -0.7500 0.3199
0.7500 -0.7500 0.3100
0.7500 -0.7500 0.3000
0.7500 -0.7500 0.2899
0.7500 -0.7500 0.2800
0.7500 -0.7500 0.2700
0.7500 -0.7500 0.2599
0.7500 -0.7500 0.2500
0.7500 -0.7500 0.2399
0.7500 -0.7500 0.2300
0.7500 -0.7500 0.2199
0.7500 -0.7500 0.2099
