0.7500 -1.2500 1.5000
0.7500 -1.2500 1.5000
0.7432 -1.2499 1.4969
0.7359 -1.2501 1.4934
0.7264 -1.2492 1.4890
0.7149 -1.2477 1.4834
0.7015 -1.2456 1.4769
0.6861 -1.2429 1.4693
0.6688 -1.2396 1.4607
0.6498 -1.2356 1.4512
0.6310 -1.2298 1.4413
0.6117 -1.2266 1.4300
0.5925 -1.2255 1.4174
0.5737 -1.2261 1.4039
0.5556 -1.2285 1.3897
0.5383 -1.2325 1.3751
0.5218 -1.2379 1.3601
0.5063 -1.2409 1.3478
0.4907 -1.2444 1.3351
0.4751 -1.2485 1.3220
0.4595 -1.2531 1.3085
0.4440 -1.2584 1.2947
0.4288 -1.2643 1.2806
0.4138 -1.2706 1.2665
0.3992 -1.2775 1.2522
0.3850 -1.2848 1.2380
0.3713 -1.2926 1.2238
0.3582 -1.3009 1.2096
0.3457 -1.3096 1.1956
0.3338 -1.3188 1.1817
0.3226 -1.3285 1.1680
0.3122 -1.3387 1.1545
0.3025 -1.3493 1.1413
0.2937 -1.3605 1.1283
0.2853 -1.3729 1.1153
0.2776 -1.3852 1.1028
0.2706 -1.3975 1.0907
0.2643 -1.4099 1.0791
0.2587 -1.4222 1.0680
0.2537 -1.4344 1.0574
0.2493 -1.4466 1.0473
0.2455 -1.4586 1.0378
0.2425 -1.4701 1.0289
0.2398 -1.4813 1.0207
0.2376 -1.4920 1.0130
0.2357 -1.5023 1.0058
0.2324 -1.5150 0.9964
0.2301 -1.5272 0.9879
0.2285 -1.5385 0.9806
0.2277 -1.5487 0.9744
0.2274 -1.5582 0.9690
0.2274 -1.5670 0.9642
0.2279 -1.5754 0.9599
0.2286 -1.5833 0.9560
0.2298 -1.5908 0.9526
0.2314 -1.5974 0.9499
0.2335 -1.6031 0.9480
0.2362 -1.6080 0.9469
0.2393 -1.6109 0.9471
0.2405 -1.6109 0.9477
0.2405 -1.6109 0.9477
0.2404 -1.6107 0.9477
0.2402 -1.6102 0.9475
0.2399 -1.6094 0.9471
0.2394 -1.6082 0.9466
0.2388 -1.6067 0.9460
0.2381 -1.6048 0.9453
0.2373 -1.6026 0.9444
0.2363 -1.6001 0.9434
0.2352 -1.5972 0.9423
0.2340 -1.5940 0.9410
0.2327 -1.5905 0.9397
0.2313 -1.5866 0.9382
0.2297 -1.5824 0.9366
0.2281 -1.5779 0.9349
0.2264 -1.5730 0.9331
0.2246 -1.5679 0.9312
0.2227 -1.5623 0.9293
0.2207 -1.5565 0.9272
0.2186 -1.5503 0.9250
0.2165 -1.5438 0.9228
0.2143 -1.5369 0.9205
0.2120 -1.5297 0.9182
0.2097 -1.5222 0.9157
0.2074 -1.5143 0.9133
0.2050 -1.5061 0.9107
0.2025 -1.4976 0.9082
0.2001 -1.4887 0.9056
0.1976 -1.4795 0.9030
0.1951 -1.4700 0.9004
0.1926 -1.4601 0.8977
0.1901 -1.4499 0.8951
0.1876 -1.4393 0.8924
0.1851 -1.4284 0.8898
0.1827 -1.4172 0.8872
0.1803 -1.4056 0.8846
0.1779 -1.3937 0.8821
0.1756 -1.3814 0.8796
0.1733 -1.3688 0.8772
0.1712 -1.3559 0.8748
0.1690 -1.3427 0.8725
0.1670 -1.3291 0.8703
0.1651 -1.3152 0.8681
0.1633 -1.3010 0.8661
0.1616 -1.2865 0.8642
0.1600 -1.2717 0.8624
0.1585 -1.2565 0.8607
0.1572 -1.2410 0.8592
0.1560 -1.2253 0.8578
0.1550 -1.2092 0.8566
0.1542 -1.1928 0.8555
0.1536 -1.1762 0.8546
0.1531 -1.1593 0.8539
0.1529 -1.1421 0.8534
0.1528 -1.1246 0.8531
0.1530 -1.1069 0.8531
0.1534 -1.0889 0.8532
0.1541 -1.0707 0.8536
0.1550 -1.0523 0.8542
0.1561 -1.0336 0.8551
0.1575 -1.0147 0.8563
0.1592 -0.9956 0.8577
0.1612 -0.9764 0.8594
0.1635 -0.9569 0.8614
0.1661 -0.9373 0.8637
0.1689 -0.9175 0.8662
0.1721 -0.8976 0.8692
0.1757 -0.8776 0.8724
0.1795 -0.8574 0.8760
0.1837 -0.8372 0.8799
0.1883 -0.8168 0.8841
0.1932 -0.7964 0.8887
0.1985 -0.7760 0.8937
0.2041 -0.7555 0.8990
0.2101 -0.7350 0.9048
0.2165 -0.7145 0.9108
0.2233 -0.6940 0.9173
0.2304 -0.6735 0.9242
0.2380 -0.6531 0.9314
0.2459 -0.6328 0.9391
0.2543 -0.6126 0.9471
0.2630 -0.5925 0.9555
0.2721 -0.5725 0.9644
0.2817 -0.5527 0.9737
0.2917 -0.5330 0.9833
0.3020 -0.5136 0.9934
0.3128 -0.4944 1.0039
0.3240 -0.4754 1.0148
0.3356 -0.4566 1.0261
0.3476 -0.4382 1.0378
0.3599 -0.4200 1.0499
0.3727 -0.4022 1.0625
0.3859 -0.3847 1.0754
0.3995 -0.3676 1.0887
0.4135 -0.3509 1.1024
0.4278 -0.3346 1.1165
0.4426 -0.3188 1.1310
0.4577 -0.3034 1.1459
0.4731 -0.2884 1.1611
0.4889 -0.2740 1.1767
0.5051 -0.2601 1.1927
0.5216 -0.2467 1.2090
0.5384 -0.2339 1.2256
0.5556 -0.2217 1.2426
0.5730 -0.2101 1.2599
0.5908 -0.1991 1.2774
0.6088 -0.1888 1.2953
0.6271 -0.1791 1.3135
0.6457 -0.1701 1.3319
0.6645 -0.1617 1.3506
0.6836 -0.1541 1.3695
0.7028 -0.1472 1.3887
0.7223 -0.1411 1.4080
0.7419 -0.1357 1.4276
0.7617 -0.1311 1.4473
0.7817 -0.1272 1.4672
0.8018 -0.1242 1.4872
0.8220 -0.1219 1.5074
0.8423 -0.1205 1.5277
0.8627 -0.1199 1.5481
0.8832 -0.1202 1.5685
0.9037 -0.1212 1.5890
0.9242 -0.1232 1.6096
0.9447 -0.1259 1.6301
0.9652 -0.1296 1.6507
0.9857 -0.1341 1.6712
1.0061 -0.1394 1.6917
1.0265 -0.1457 1.7121
1.0467 -0.1528 1.7324
1.0669 -0.1607 1.7527
1.0868 -0.1695 1.7728
1.1067 -0.1792 1.7927
1.1263 -0.1898 1.8125
1.1458 -0.2011 1.8321
1.1650 -0.2134 1.8515
1.1840 -0.2264 1.8707
1.2027 -0.2403 1.8896
1.2212 -0.2550 1.9083
1.2393 -0.2706 1.9266
1.2572 -0.2869 1.9447
1.2747 -0.3040 1.9624
1.2918 -0.3218 1.9798
1.3086 -0.3404 1.9968
1.3249 -0.3598 2.0134
1.3409 -0.3798 2.0297
1.3564 -0.4006 2.0455
1.3715 -0.4220 2.0609
1.3861 -0.4441 2.0758
1.4002 -0.4669 2.0902
1.4139 -0.4903 2.1042
1.4270 -0.5142 2.1177
1.4396 -0.5387 2.1306
1.4517 -0.5638 2.1431
1.4632 -0.5894 2.1550
1.4742 -0.6155 2.1663
1.4846 -0.6421 2.1771
1.4944 -0.6691 2.1873
1.5036 -0.6965 2.1969
1.5123 -0.7243 2.2059
1.5203 -0.7525 2.2143
1.5277 -0.7810 2.2222
1.5345 -0.8098 2.2293
1.5406 -0.8389 2.2359
1.5461 -0.8682 2.2418
1.5510 -0.8977 2.2472
1.5553 -0.9274 2.2518
1.5588 -0.9573 2.2558
1.5618 -0.9873 2.2592
1.5641 -1.0173 2.2619
1.5657 -1.0475 2.2640
1.5667 -1.0776 2.2655
1.5671 -1.1078 2.2663
1.5668 -1.1379 2.2664
1.5659 -1.1680 2.2659
1.5643 -1.1980 2.2648
1.5622 -1.2278 2.2631
1.5593 -1.2575 2.2607
1.5559 -1.2871 2.2577
1.5519 -1.3164 2.2540
1.5472 -1.3455 2.2498
1.5420 -1.3743 2.2450
1.5361 -1.4028 2.2396
1.5297 -1.4311 2.2335
1.5227 -1.4590 2.2270
1.5152 -1.4865 2.2198
1.5071 -1.5136 2.2121
1.4985 -1.5404 2.2039
1.4893 -1.5667 2.1951
1.4797 -1.5925 2.1859
1.4695 -1.6179 2.1761
1.4589 -1.6428 2.1658
1.4478 -1.6671 2.1551
1.4363 -1.6910 2.1439
1.4243 -1.7142 2.1323
1.4119 -1.7370 2.1202
1.3991 -1.7591 2.1077
1.3859 -1.7806 2.0949
1.3723 -1.8016 2.0816
1.3584 -1.8219 2.0680
1.3442 -1.8416 2.0541
1.3296 -1.8606 2.0398
1.3147 -1.8790 2.0252
1.2996 -1.8967 2.0103
1.2841 -1.9137 1.9951
1.2684 -1.9301 1.9797
1.2525 -1.9458 1.9640
1.2364 -1.9608 1.9481
1.2201 -1.9751 1.9320
1.2036 -1.9888 1.9157
1.1869 -2.0017 1.8992
1.1701 -2.0139 1.8826
1.1531 -2.0255 1.8658
1.1361 -2.0363 1.8489
1.1189 -2.0465 1.8319
1.1017 -2.0560 1.8148
1.0844 -2.0648 1.7977
1.0671 -2.0729 1.7805
1.0497 -2.0803 1.7632
1.0323 -2.0871 1.7460
1.0149 -2.0932 1.7287
0.9976 -2.0986 1.7114
0.9802 -2.1034 1.6941
0.9630 -2.1076 1.6769
0.9457 -2.1111 1.6598
0.9286 -2.1140 1.6426
0.9115 -2.1163 1.6256
0.8945 -2.1180 1.6087
0.8776 -2.1191 1.5918
0.8609 -2.1197 1.5751
0.8442 -2.1197 1.5585
0.8278 -2.1191 1.5420
0.8115 -2.1180 1.5257
0.7953 -2.1164 1.5095
0.7793 -2.1143 1.4935
0.7635 -2.1117 1.4777
0.7479 -2.1087 1.4620
0.7325 -2.1052 1.4466
0.7173 -2.1012 1.4313
0.7023 -2.0968 1.4163
0.6875 -2.0920 1.4014
0.6730 -2.0868 1.3868
0.6586 -2.0812 1.3724
0.6446 -2.0753 1.3583
0.6307 -2.0690 1.3444
0.6172 -2.0624 1.3307
0.6038 -2.0555 1.3173
0.5907 -2.0483 1.3041
0.5779 -2.0408 1.2912
0.5654 -2.0331 1.2785
0.5531 -2.0251 1.2661
0.5410 -2.0168 1.2540
0.5293 -2.0084 1.2421
0.5178 -1.9998 1.2305
0.5066 -1.9910 1.2191
0.4956 -1.9820 1.2081
0.4849 -1.9729 1.1973
0.4745 -1.9637 1.1867
0.4644 -1.9543 1.1765
0.4545 -1.9449 1.1664
0.4449 -1.9353 1.1567
0.4355 -1.9257 1.1472
0.4265 -1.9161 1.1380
0.4177 -1.9064 1.1291
0.4091 -1.8966 1.1204
0.4008 -1.8869 1.1120
0.3928 -1.8772 1.1038
0.3850 -1.8674 1.0959
0.3775 -1.8578 1.0882
0.3702 -1.8481 1.0808
0.3631 -1.8385 1.0736
0.3563 -1.8290 1.0667
0.3498 -1.8196 1.0600
0.3435 -1.8102 1.0535
0.3374 -1.8010 1.0473
0.3315 -1.7918 1.0413
0.3258 -1.7828 1.0355
0.3204 -1.7739 1.0300
0.3152 -1.7652 1.0246
0.3102 -1.7566 1.0195
0.3054 -1.7482 1.0146
0.3008 -1.7400 1.0099
0.2964 -1.7320 1.0054
0.2922 -1.7241 1.0011
0.2882 -1.7165 0.9970
0.2844 -1.7090 0.9931
0.2808 -1.7018 0.9893
0.2773 -1.6948 0.9858
0.2740 -1.6881 0.9824
0.2709 -1.6815 0.9792
0.2680 -1.6753 0.9762
0.2652 -1.6693 0.9733
0.2626 -1.6635 0.9706
0.2601 -1.6580 0.9681
0.2578 -1.6528 0.9657
0.2557 -1.6479 0.9635
0.2537 -1.6433 0.9614
0.2519 -1.6389 0.9595
0.2501 -1.6348 0.9578
0.2486 -1.6311 0.9561
0.2472 -1.6277 0.9547
0.2459 -1.6245 0.9534
0.2448 -1.6217 0.9522
0.2437 -1.6192 0.9511
0.2429 -1.6170 0.9502
0.2421 -1.6152 0.9495
0.2415 -1.6136 0.9488
0.2411 -1.6125 0.9484
0.2407 -1.6116 0.9480
0.2405 -1.6111 0.9478
0.2405 -1.6109 0.9477
0.2405 -1.6109 0.9477
0.2405 -1.6109 0.9477
0.2405 -1.6109 0.9477
0.2405 -1.6109 0.9477
0.2405 -1.6109 0.9477
0.2405 -1.6109 0.9477
0.2405 -1.6109 0.9477
0.2405 -1.6109 0.9477
0.2405 -1.6109 0.9477
0.2405 -1.6109 0.9477
0.2405 -1.6109 0.9477
0.2356 -1.6064 0.9427
0.2293 -1.6005 0.9362
0.2215 -1.5930 0.9281
0.2121 -1.5837 0.9184
0.2012 -1.5726 0.9072
0.1890 -1.5594 0.8945
0.1755 -1.5438 0.8805
0.1612 -1.5256 0.8656
0.1468 -1.5050 0.8506
0.1332 -1.4825 0.8363
0.1208 -1.4587 0.8233
0.1101 -1.4345 0.8118
0.1012 -1.4105 0.8021
0.0939 -1.3873 0.7941
0.0880 -1.3658 0.7877
0.0806 -1.3475 0.7796
0.0734 -1.3291 0.7719
0.0666 -1.3108 0.7646
0.0601 -1.2926 0.7576
0.0541 -1.2747 0.7510
0.0486 -1.2571 0.7450
0.0434 -1.2398 0.7392
0.0340 -1.2183 0.7292
0.0252 -1.1958 0.7198
0.0175 -1.1725 0.7114
0.0114 -1.1490 0.7046
0.0074 -1.1261 0.6999
0.0055 -1.1047 0.6974
0.0058 -1.0855 0.6971
0.0077 -1.0690 0.6985
0.0109 -1.0556 0.7013
0.0149 -1.0456 0.7050
0.0192 -1.0391 0.7092
0.0238 -1.0350 0.7136
0.0286 -1.0330 0.7184
0.0350 -1.0329 0.7247
0.0350 -1.0329 0.7247
0.0350 -1.0327 0.7247
0.0350 -1.0320 0.7247
0.0350 -1.0309 0.7248
0.0351 -1.0294 0.7248
0.0351 -1.0274 0.7248
0.0352 -1.0250 0.7248
0.0352 -1.0222 0.7249
0.0353 -1.0189 0.7249
0.0355 -1.0153 0.7250
0.0356 -1.0112 0.7251
0.0358 -1.0067 0.7252
0.0360 -1.0018 0.7253
0.0362 -0.9964 0.7254
0.0365 -0.9907 0.7256
0.0368 -0.9846 0.7258
0.0371 -0.9780 0.7261
0.0375 -0.9711 0.7264
0.0380 -0.9638 0.7267
0.0385 -0.9561 0.7271
0.0391 -0.9480 0.7276
0.0397 -0.9395 0.7281
0.0404 -0.9307 0.7287
0.0412 -0.9214 0.7294
0.0421 -0.9118 0.7302
0.0431 -0.9019 0.7310
0.0442 -0.8916 0.7319
0.0454 -0.8809 0.7330
0.0467 -0.8699 0.7341
0.0482 -0.8585 0.7354
0.0497 -0.8468 0.7368
0.0514 -0.8348 0.7383
0.0532 -0.8224 0.7400
0.0552 -0.8097 0.7417
0.0574 -0.7967 0.7437
0.0597 -0.7834 0.7458
0.0621 -0.7698 0.7481
0.0648 -0.7559 0.7505
0.0676 -0.7418 0.7532
0.0706 -0.7273 0.7560
0.0739 -0.7126 0.7590
0.0773 -0.6976 0.7622
0.0810 -0.6824 0.7657
0.0849 -0.6669 0.7693
0.0890 -0.6512 0.7732
0.0934 -0.6353 0.7774
0.0980 -0.6192 0.7817
0.1028 -0.6029 0.7864
0.1080 -0.5864 0.7912
0.1134 -0.5697 0.7964
0.1190 -0.5529 0.8018
0.1250 -0.5359 0.8075
0.1312 -0.5188 0.8135
0.1378 -0.5016 0.8198
0.1446 -0.4842 0.8264
0.1518 -0.4668 0.8333
0.1593 -0.4493 0.8405
0.1671 -0.4317 0.8481
0.1752 -0.4141 0.8560
0.1837 -0.3965 0.8642
0.1925 -0.3788 0.8727
0.2016 -0.3612 0.8816
0.2111 -0.3435 0.8908
0.2209 -0.3259 0.9004
0.2311 -0.3084 0.9103
0.2417 -0.2909 0.9206
0.2526 -0.2736 0.9313
0.2639 -0.2563 0.9423
0.2755 -0.2392 0.9537
0.2876 -0.2222 0.9655
0.3000 -0.2054 0.9776
0.3127 -0.1888 0.9901
0.3258 -0.1724 1.0030
0.3393 -0.1562 1.0163
0.3532 -0.1403 1.0299
0.3674 -0.1247 1.0439
0.3820 -0.1093 1.0583
0.3970 -0.0943 1.0730
0.4124 -0.0796 1.0881
0.4280 -0.0653 1.1036
0.4441 -0.0513 1.1195
0.4605 -0.0378 1.1356
0.4772 -0.0247 1.1522
0.4943 -0.0120 1.1691
0.5118 0.0002 1.1863
0.5295 0.0120 1.2039
0.5476 0.0232 1.2218
0.5660 0.0339 1.2400
0.5847 0.0440 1.2586
0.6037 0.0536 1.2774
0.6229 0.0626 1.2965
0.6425 0.0710 1.3160
0.6623 0.0787 1.3357
0.6824 0.0858 1.3556
0.7027 0.0922 1.3758
0.7232 0.0980 1.3963
0.7440 0.1030 1.4169
0.7650 0.1073 1.4378
0.7861 0.1109 1.4589
0.8074 0.1138 1.4802
0.8289 0.1158 1.5016
0.8506 0.1171 1.5232
0.8723 0.1176 1.5450
0.8942 0.1173 1.5668
0.9161 0.1162 1.5888
0.9382 0.1142 1.6108
0.9602 0.1114 1.6329
0.9824 0.1078 1.6551
1.0045 0.1032 1.6773
1.0267 0.0979 1.6995
1.0488 0.0916 1.7217
1.0709 0.0844 1.7439
1.0929 0.0764 1.7660
1.1148 0.0675 1.7881
1.1367 0.0576 1.8100
1.1584 0.0469 1.8319
1.1800 0.0353 1.8536
1.2014 0.0228 1.8752
1.2226 0.0094 1.8966
1.2436 -0.0049 1.9178
1.2644 -0.0201 1.9388
1.2850 -0.0362 1.9596
1.3052 -0.0531 1.9801
1.3252 -0.0709 2.0003
1.3449 -0.0896 2.0203
1.3642 -0.1092 2.0399
1.3832 -0.1295 2.0591
1.4018 -0.1507 2.0780
1.4200 -0.1728 2.0965
1.4378 -0.1956 2.1146
1.4551 -0.2192 2.1323
1.4720 -0.2436 2.1495
1.4884 -0.2687 2.1663
1.5043 -0.2946 2.1825
1.5197 -0.3212 2.1983
1.5346 -0.3485 2.2135
1.5489 -0.3764 2.2283
1.5626 -0.4050 2.2424
1.5758 -0.4342 2.2560
1.5883 -0.4640 2.2690
1.6003 -0.4944 2.2813
1.6116 -0.5254 2.2931
1.6223 -0.5568 2.3042
1.6323 -0.5888 2.3147
1.6416 -0.6212 2.3245
1.6503 -0.6540 2.3336
1.6583 -0.6873 2.3421
1.6656 -0.7209 2.3498
1.6721 -0.7549 2.3569
1.6780 -0.7891 2.3632
1.6831 -0.8236 2.3688
1.6874 -0.8584 2.3737
1.6911 -0.8934 2.3778
1.6940 -0.9285 2.3812
1.6961 -0.9638 2.3839
1.6975 -0.9992 2.3858
1.6981 -1.0347 2.3869
1.6980 -1.0702 2.3873
1.6971 -1.1057 2.3869
1.6955 -1.1411 2.3858
1.6931 -1.1765 2.3839
1.6899 -1.2118 2.3813
1.6860 -1.2469 2.3779
1.6814 -1.2818 2.3738
1.6760 -1.3166 2.3689
1.6699 -1.3511 2.3633
1.6630 -1.3853 2.3569
1.6555 -1.4192 2.3498
1.6472 -1.4527 2.3421
1.6382 -1.4859 2.3336
1.6285 -1.5187 2.3244
1.6182 -1.5510 2.3145
1.6072 -1.5829 2.3039
1.5955 -1.6142 2.2927
1.5831 -1.6450 2.2808
1.5702 -1.6753 2.2683
1.5566 -1.7050 2.2552
1.5424 -1.7340 2.2414
1.5277 -1.7625 2.2271
1.5124 -1.7902 2.2122
1.4965 -1.8173 2.1967
1.4801 -1.8436 2.1807
1.4632 -1.8692 2.1642
1.4458 -1.8941 2.1471
1.4279 -1.9182 2.1296
1.4096 -1.9415 2.1116
1.3908 -1.9640 2.0932
1.3716 -1.9856 2.0744
1.3521 -2.0064 2.0551
1.3321 -2.0264 2.0354
1.3118 -2.0455 2.0154
1.2912 -2.0637 1.9951
1.2703 -2.0810 1.9744
1.2491 -2.0974 1.9535
1.2276 -2.1129 1.9322
1.2059 -2.1274 1.9107
1.1839 -2.1411 1.8890
1.1618 -2.1538 1.8671
1.1395 -2.1656 1.8450
1.1171 -2.1765 1.8227
1.0945 -2.1864 1.8003
1.0718 -2.1954 1.7777
1.0490 -2.2034 1.7551
1.0262 -2.2106 1.7323
1.0033 -2.2167 1.7096
0.9804 -2.2220 1.6868
0.9575 -2.2264 1.6639
0.9346 -2.2298 1.6411
0.9118 -2.2324 1.6183
0.8890 -2.2340 1.5956
0.8663 -2.2348 1.5729
0.8437 -2.2347 1.5503
0.8212 -2.2337 1.5278
0.7988 -2.2319 1.5054
0.7766 -2.2292 1.4832
0.7546 -2.2257 1.4611
0.7327 -2.2214 1.4392
0.7111 -2.2163 1.4175
0.6897 -2.2105 1.3960
0.6685 -2.2039 1.3748
0.6475 -2.1965 1.3537
0.6268 -2.1884 1.3329
0.6064 -2.1796 1.3124
0.5863 -2.1701 1.2921
0.5665 -2.1600 1.2722
0.5469 -2.1492 1.2525
0.5277 -2.1378 1.2332
0.5089 -2.1258 1.2141
0.4903 -2.1132 1.1954
0.4722 -2.1000 1.1771
0.4543 -2.0863 1.1591
0.4369 -2.0721 1.1414
0.4198 -2.0574 1.1241
0.4031 -2.0422 1.1072
0.3868 -2.0265 1.0907
0.3708 -2.0105 1.0745
0.3553 -1.9940 1.0588
0.3402 -1.9771 1.0434
0.3254 -1.9599 1.0284
0.3111 -1.9424 1.0138
0.2971 -1.9245 0.9996
0.2836 -1.9063 0.9858
0.2705 -1.8879 0.9725
0.2578 -1.8692 0.9595
0.2455 -1.8503 0.9469
0.2336 -1.8311 0.9347
0.2221 -1.8118 0.9230
0.2110 -1.7924 0.9116
0.2003 -1.7727 0.9006
0.1900 -1.7530 0.8901
0.1801 -1.7332 0.8799
0.1706 -1.7132 0.8701
0.1615 -1.6933 0.8607
0.1527 -1.6732 0.8517
0.1444 -1.6532 0.8430
0.1364 -1.6331 0.8348
0.1288 -1.6131 0.8269
0.1215 -1.5930 0.8193
0.1146 -1.5730 0.8122
0.1081 -1.5531 0.8053
0.1019 -1.5333 0.7988
0.0960 -1.5135 0.7927
0.0905 -1.4939 0.7869
0.0853 -1.4744 0.7814
0.0804 -1.4550 0.7762
0.0758 -1.4358 0.7713
0.0715 -1.4167 0.7668
0.0675 -1.3978 0.7625
0.0637 -1.3791 0.7585
0.0603 -1.3606 0.7548
0.0571 -1.3423 0.7513
0.0542 -1.3243 0.7481
0.0515 -1.3065 0.7452
0.0490 -1.2889 0.7425
0.0468 -1.2716 0.7400
0.0448 -1.2545 0.7377
0.0430 -1.2377 0.7357
0.0414 -1.2212 0.7339
0.0400 -1.2050 0.7322
0.0388 -1.1891 0.7308
0.0377 -1.1734 0.7295
0.0368 -1.1581 0.7284
0.0361 -1.1432 0.7275
0.0355 -1.1285 0.7267
0.0351 -1.1142 0.7261
0.0348 -1.1002 0.7255
0.0346 -1.0865 0.7252
0.0345 -1.0732 0.7249
0.0346 -1.0602 0.7247
0.0347 -1.0476 0.7247
0.0349 -1.0354 0.7247
0.0352 -1.0235 0.7248
0.0356 -1.0120 0.7250
0.0360 -1.0008 0.7253
0.0365 -0.9901 0.7256
0.0370 -0.9797 0.7260
0.0376 -0.9697 0.7265
0.0382 -0.9600 0.7269
0.0389 -0.9508 0.7274
0.0395 -0.9419 0.7280
0.0402 -0.9334 0.7285
0.0409 -0.9254 0.7291
0.0416 -0.9177 0.7297
0.0423 -0.9104 0.7303
0.0430 -0.9035 0.7309
0.0436 -0.8970 0.7314
0.0443 -0.8909 0.7320
0.0449 -0.8853 0.7325
0.0455 -0.8800 0.7331
0.0461 -0.8751 0.7336
0.0466 -0.8707 0.7340
0.0471 -0.8666 0.7345
0.0476 -0.8630 0.7349
0.0480 -0.8598 0.7352
0.0483 -0.8570 0.7356
0.0487 -0.8547 0.7358
0.0489 -0.8527 0.7361
0.0491 -0.8512 0.7363
0.0493 -0.8501 0.7364
0.0493 -0.8495 0.7365
0.0494 -0.8492 0.7365
0.0494 -0.8492 0.7365
0.0494 -0.8492 0.7365
0.0494 -0.8492 0.7365
0.0494 -0.8492 0.7365
0.0494 -0.8492 0.7365
0.0494 -0.8492 0.7365
0.0494 -0.8492 0.7365
0.0494 -0.8492 0.7365
0.0494 -0.8492 0.7365
0.0494 -0.8492 0.7365
0.0494 -0.8492 0.7365
0.0494 -0.8492 0.7365
0.0494 -0.8492 0.7365
0.0494 -0.8492 0.7365
0.0494 -0.8492 0.7365
0.0494 -0.8492 0.7365
0.0494 -0.8492 0.7365
0.0494 -0.8492 0.7365
0.0494 -0.8492 0.7365
0.0494 -0.8492 0.7365
0.0494 -0.8492 0.7365
0.0494 -0.8492 0.7365
0.0494 -0.8492 0.7365
0.0494 -0.8492 0.7365
0.0494 -0.8492 0.7365
0.0494 -0.8492 0.7365
0.0494 -0.8492 0.7365
0.0494 -0.8492 0.7365
0.0494 -0.8492 0.7365
0.0494 -0.8492 0.7365
0.0470 -0.8567 0.7350
0.0450 -0.8644 0.7339
0.0433 -0.8728 0.7332
0.0419 -0.8822 0.7330
0.0412 -0.8928 0.7336
0.0411 -0.9043 0.7350
0.0419 -0.9165 0.7376
0.0436 -0.9293 0.7414
0.0463 -0.9424 0.7464
0.0501 -0.9555 0.7527
0.0546 -0.9687 0.7599
0.0598 -0.9818 0.7675
0.0653 -0.9944 0.7754
0.0711 -1.0067 0.7832
0.0770 -1.0184 0.7908
0.0809 -1.0298 0.7963
0.0851 -1.0411 0.8021
0.0896 -1.0523 0.8081
0.0943 -1.0635 0.8142
0.0991 -1.0747 0.8204
0.1042 -1.0857 0.8268
0.1094 -1.0966 0.8333
0.1149 -1.1073 0.8400
0.1205 -1.1178 0.8467
0.1262 -1.1281 0.8534
0.1320 -1.1381 0.8603
0.1379 -1.1478 0.8670
0.1437 -1.1570 0.8736
0.1493 -1.1657 0.8800
0.1549 -1.1740 0.8862
0.1603 -1.1818 0.8922
0.1655 -1.1892 0.8978
0.1705 -1.1960 0.9032
0.1753 -1.2025 0.9082
0.1815 -1.2109 0.9148
0.1873 -1.2186 0.9207
0.1928 -1.2255 0.9259
0.1978 -1.2318 0.9304
0.2025 -1.2375 0.9344
0.2067 -1.2427 0.9380
0.2105 -1.2473 0.9411
0.2139 -1.2513 0.9439
0.2169 -1.2550 0.9464
0.2193 -1.2579 0.9484
0.2208 -1.2598 0.9496
0.2210 -1.2600 0.9498
0.2210 -1.2600 0.9498
0.2210 -1.2600 0.9498
0.2210 -1.2600 0.9498
0.2210 -1.2600 0.9498
0.2210 -1.2600 0.9498
0.2210 -1.2600 0.9498
0.2210 -1.2600 0.9498
0.2210 -1.2600 0.9498
0.2210 -1.2600 0.9498
0.2210 -1.2600 0.9498
0.2210 -1.2600 0.9498
0.2210 -1.2600 0.9498
0.2210 -1.2600 0.9498
0.2210 -1.2600 0.9498
0.2210 -1.2600 0.9498
0.2210 -1.2600 0.9498
0.2210 -1.2600 0.9498
0.2210 -1.2600 0.9498
0.2210 -1.2600 0.9498
0.2210 -1.2600 0.9498
0.2210 -1.2600 0.9498
0.2210 -1.2600 0.9498
0.2210 -1.2600 0.9498
0.2210 -1.2600 0.9498
0.2210 -1.2600 0.9498
0.2210 -1.2600 0.9498
0.2210 -1.2600 0.9498
0.2210 -1.2600 0.9498
0.2210 -1.2600 0.9498
0.2210 -1.2600 0.9498
0.2210 -1.2600 0.9498
0.2210 -1.2600 0.9498
0.2210 -1.2600 0.9498
0.2210 -1.2600 0.9498
0.2210 -1.2600 0.9498
0.2210 -1.2600 0.9498
0.2210 -1.2600 0.9498
0.2210 -1.2600 0.9498
0.2210 -1.2600 0.9498
0.2210 -1.2600 0.9498
0.2210 -1.2600 0.9498
0.2210 -1.2600 0.9498
0.2210 -1.2600 0.9498
0.2210 -1.2600 0.9498
0.2210 -1.2600 0.9498
0.2210 -1.2600 0.9498
0.2210 -1.2600 0.9498
0.2210 -1.2600 0.9498
0.2210 -1.2600 0.9498
0.2210 -1.2600 0.9498
0.2210 -1.2600 0.9498
0.2210 -1.2600 0.9498
0.2210 -1.2600 0.9498
0.2210 -1.2600 0.9498
0.2210 -1.2600 0.9498
0.2210 -1.2600 0.9498
0.2210 -1.2600 0.9498
0.2210 -1.2600 0.9498
0.2210 -1.2600 0.9498
0.2210 -1.2600 0.9498
0.2210 -1.2600 0.9498
0.2210 -1.2600 0.9498
0.2210 -1.2600 0.9498
0.2210 -1.2600 0.9498
0.2210 -1.2600 0.9498
0.2210 -1.2600 0.9498
0.2210 -1.2600 0.9498
0.2210 -1.2600 0.9498
0.2210 -1.2600 0.9498
0.2210 -1.2600 0.9498
0.2210 -1.2600 0.9498
0.2210 -1.2600 0.9498
0.2210 -1.2600 0.9498
0.2210 -1.2600 0.9498
0.2210 -1.2600 0.9498
0.2210 -1.2600 0.9498
0.2210 -1.2600 0.9498
0.2210 -1.2600 0.9498
0.2210 -1.2600 0.9498
0.2210 -1.2600 0.9498
0.2210 -1.2600 0.9498
0.2210 -1.2600 0.9498
0.2210 -1.2600 0.9498
0.2210 -1.2600 0.9498
0.2210 -1.2600 0.9498
0.2210 -1.2600 0.9498
0.2210 -1.2600 0.9498
0.2210 -1.2600 0.9498
0.2210 -1.2600 0.9498
0.2210 -1.2600 0.9498
0.2210 -1.2600 0.9498
0.2210 -1.2600 0.9498
0.2210 -1.2600 0.9498
0.2210 -1.2600 0.9498
0.2210 -1.2600 0.9498
0.2210 -1.2600 0.9498
0.2210 -1.2600 0.9498
0.2210 -1.2600 0.9498
0.2210 -1.2600 0.9498
0.2210 -1.2600 0.9498
0.2210 -1.2600 0.9498
0.2210 -1.2600 0.9498
0.2210 -1.2595 0.9498
0.2211 -1.2587 0.9498
0.2211 -1.2576 0.9499
0.2211 -1.2562 0.9499
0.2211 -1.2544 0.9499
0.2211 -1.2524 0.9500
0.2212 -1.2500 0.9501
0.2212 -1.2474 0.9502
0.2213 -1.2444 0.9503
0.2213 -1.2411 0.9504
0.2214 -1.2375 0.9506
0.2214 -1.2337 0.9508
0.2215 -1.2295 0.9510
0.2215 -1.2251 0.9513
0.2216 -1.2203 0.9516
0.2217 -1.2153 0.9520
0.2218 -1.2100 0.9524
0.2218 -1.2044 0.9529
0.2219 -1.1986 0.9535
0.2220 -1.1924 0.9541
0.2221 -1.1860 0.9548
0.2222 -1.1793 0.9556
0.2223 -1.1724 0.9565
0.2224 -1.1652 0.9575
0.2225 -1.1577 0.9586
0.2226 -1.1500 0.9598
0.2227 -1.1421 0.9612
0.2229 -1.1339 0.9627
0.2230 -1.1254 0.9643
0.2231 -1.1167 0.9660
0.2232 -1.1078 0.9679
0.2234 -1.0987 0.9700
0.2235 -1.0893 0.9723
0.2236 -1.0798 0.9747
0.2238 -1.0700 0.9773
0.2239 -1.0600 0.9801
0.2241 -1.0499 0.9831
0.2242 -1.0395 0.9863
0.2244 -1.0290 0.9898
0.2245 -1.0182 0.9934
0.2247 -1.0074 0.9973
0.2248 -0.9963 1.0015
0.2250 -0.9852 1.0059
0.2252 -0.9738 1.0106
0.2253 -0.9624 1.0155
0.2255 -0.9508 1.0207
0.2257 -0.9391 1.0262
0.2258 -0.9273 1.0320
0.2260 -0.9154 1.0381
0.2262 -0.9034 1.0445
0.2264 -0.8914 1.0512
0.2265 -0.8793 1.0582
0.2267 -0.8671 1.0656
0.2269 -0.8549 1.0733
0.2271 -0.8427 1.0813
0.2272 -0.8305 1.0897
0.2274 -0.8182 1.0984
0.2276 -0.8060 1.1075
0.2278 -0.7938 1.1169
0.2279 -0.7817 1.1267
0.2281 -0.7696 1.1369
0.2283 -0.7575 1.1474
0.2285 -0.7456 1.1583
0.2286 -0.7337 1.1696
0.2288 -0.7220 1.1813
0.2290 -0.7104 1.1933
0.2291 -0.6989 1.2058
0.2293 -0.6876 1.2186
0.2295 -0.6765 1.2318
0.2296 -0.6655 1.2453
0.2298 -0.6548 1.2593
0.2299 -0.6443 1.2736
0.2301 -0.6340 1.2883
0.2302 -0.6239 1.3034
0.2304 -0.6142 1.3188
0.2305 -0.6047 1.3346
0.2306 -0.5955 1.3508
0.2308 -0.5867 1.3673
0.2309 -0.5781 1.3841
0.2310 -0.5700 1.4013
0.2311 -0.5622 1.4189
0.2312 -0.5547 1.4367
0.2313 -0.5477 1.4549
0.2314 -0.5411 1.4734
0.2315 -0.5349 1.4921
0.2316 -0.5292 1.5112
0.2317 -0.5239 1.5305
0.2317 -0.5190 1.5501
0.2318 -0.5147 1.5700
0.2319 -0.5109 1.5900
0.2319 -0.5075 1.6103
0.2319 -0.5047 1.6308
0.2320 -0.5025 1.6515
0.2320 -0.5007 1.6724
0.2320 -0.4996 1.6934
0.2320 -0.4990 1.7145
0.2320 -0.4990 1.7358
0.2320 -0.4996 1.7572
0.2320 -0.5007 1.7787
0.2320 -0.5025 1.8002
0.2319 -0.5049 1.8218
0.2319 -0.5079 1.8434
0.2319 -0.5115 1.8651
0.2318 -0.5158 1.8867
0.2317 -0.5207 1.9082
0.2316 -0.5262 1.9298
0.2315 -0.5324 1.9512
0.2314 -0.5393 1.9726
0.2313 -0.5467 1.9938
0.2312 -0.5548 2.0148
0.2311 -0.5636 2.0358
0.2310 -0.5730 2.0565
0.2308 -0.5830 2.0770
0.2307 -0.5937 2.0972
0.2305 -0.6050 2.1173
0.2303 -0.6169 2.1370
0.2301 -0.6295 2.1564
0.2300 -0.6427 2.1755
0.2298 -0.6565 2.1943
0.2295 -0.6708 2.2127
0.2293 -0.6858 2.2306
0.2291 -0.7013 2.2482
0.2289 -0.7174 2.2654
0.2286 -0.7341 2.2820
0.2284 -0.7513 2.2983
0.2281 -0.7690 2.3140
0.2279 -0.7872 2.3292
0.2276 -0.8060 2.3438
0.2273 -0.8252 2.3579
0.2270 -0.8448 2.3715
0.2267 -0.8650 2.3844
0.2264 -0.8855 2.3968
0.2261 -0.9064 2.4085
0.2258 -0.9277 2.4196
0.2255 -0.9494 2.4300
0.2252 -0.9715 2.4398
0.2249 -0.9938 2.4489
0.2246 -1.0165 2.4573
0.2242 -1.0394 2.4650
0.2239 -1.0625 2.4720
0.2236 -1.0859 2.4782
0.2232 -1.1095 2.4838
0.2229 -1.1333 2.4886
0.2225 -1.1572 2.4926
0.2222 -1.1813 2.4960
0.2218 -1.2054 2.4985
0.2215 -1.2297 2.5003
0.2211 -1.2540 2.5014
0.2208 -1.2783 2.5017
0.2204 -1.3026 2.5012
0.2201 -1.3268 2.5000
0.2197 -1.3511 2.4980
0.2194 -1.3752 2.4952
0.2190 -1.3992 2.4917
0.2187 -1.4232 2.4875
0.2183 -1.4469 2.4825
0.2180 -1.4705 2.4767
0.2177 -1.4938 2.4703
0.2173 -1.5170 2.4631
0.2170 -1.5399 2.4552
0.2167 -1.5625 2.4466
0.2163 -1.5848 2.4374
0.2160 -1.6067 2.4274
0.2157 -1.6284 2.4168
0.2154 -1.6496 2.4055
0.2151 -1.6705 2.3936
0.2148 -1.6910 2.3811
0.2145 -1.7110 2.3680
0.2142 -1.7306 2.3542
0.2140 -1.7497 2.3399
0.2137 -1.7684 2.3251
0.2134 -1.7865 2.3097
0.2132 -1.8041 2.2938
0.2129 -1.8212 2.2774
0.2127 -1.8378 2.2606
0.2125 -1.8538 2.2432
0.2122 -1.8692 2.2255
0.2120 -1.8840 2.2073
0.2118 -1.8983 2.1888
0.2116 -1.9119 2.1698
0.2114 -1.9250 2.1505
0.2113 -1.9374 2.1309
0.2111 -1.9492 2.1110
0.2109 -1.9603 2.0909
0.2108 -1.9709 2.0704
0.2106 -1.9807 2.0498
0.2105 -1.9900 2.0289
0.2104 -1.9985 2.0078
0.2103 -2.0065 1.9866
0.2102 -2.0138 1.9652
0.2101 -2.0204 1.9437
0.2100 -2.0264 1.9221
0.2099 -2.0317 1.9005
0.2098 -2.0364 1.8787
0.2098 -2.0405 1.8570
0.2097 -2.0439 1.8352
0.2097 -2.0467 1.8135
0.2096 -2.0489 1.7918
0.2096 -2.0504 1.7701
0.2096 -2.0513 1.7485
0.2096 -2.0517 1.7270
0.2096 -2.0514 1.7056
0.2096 -2.0506 1.6843
0.2096 -2.0492 1.6632
0.2097 -2.0472 1.6423
0.2097 -2.0447 1.6215
0.2098 -2.0416 1.6009
0.2098 -2.0380 1.5805
0.2099 -2.0339 1.5604
0.2099 -2.0292 1.5405
0.2100 -2.0241 1.5208
0.2101 -2.0186 1.5014
0.2102 -2.0125 1.4823
0.2103 -2.0060 1.4635
0.2104 -1.9991 1.4450
0.2105 -1.9918 1.4268
0.2106 -1.9841 1.4089
0.2107 -1.9759 1.3913
0.2108 -1.9674 1.3741
0.2109 -1.9586 1.3573
0.2111 -1.9494 1.3407
0.2112 -1.9399 1.3246
0.2114 -1.9301 1.3088
0.2115 -1.9201 1.2934
0.2117 -1.9097 1.2783
0.2118 -1.8991 1.2637
0.2120 -1.8882 1.2494
0.2121 -1.8772 1.2355
0.2123 -1.8659 1.2220
0.2125 -1.8544 1.2088
0.2126 -1.8428 1.1961
0.2128 -1.8310 1.1837
0.2130 -1.8190 1.1717
0.2131 -1.8070 1.1602
0.2133 -1.7948 1.1490
0.2135 -1.7825 1.1381
0.2137 -1.7701 1.1277
0.2139 -1.7577 1.1176
0.2140 -1.7452 1.1079
0.2142 -1.7327 1.0986
0.2144 -1.7201 1.0897
0.2146 -1.7076 1.0811
0.2148 -1.6950 1.0728
0.2149 -1.6825 1.0649
0.2151 -1.6699 1.0574
0.2153 -1.6574 1.0502
0.2155 -1.6450 1.0433
0.2157 -1.6326 1.0367
0.2158 -1.6203 1.0305
0.2160 -1.6081 1.0246
0.2162 -1.5960 1.0190
0.2164 -1.5840 1.0136
0.2165 -1.5721 1.0086
0.2167 -1.5603 1.0038
0.2169 -1.5487 0.9994
0.2170 -1.5372 0.9951
0.2172 -1.5258 0.9912
0.2174 -1.5146 0.9875
0.2175 -1.5036 0.9840
0.2177 -1.4928 0.9807
0.2178 -1.4821 0.9777
0.2180 -1.4716 0.9749
0.2181 -1.4614 0.9723
0.2183 -1.4513 0.9699
0.2184 -1.4414 0.9676
0.2186 -1.4318 0.9656
0.2187 -1.4223 0.9637
0.2188 -1.4131 0.9620
0.2190 -1.4041 0.9604
0.2191 -1.3954 0.9590
0.2192 -1.3869 0.9577
0.2193 -1.3787 0.9566
0.2194 -1.3706 0.9555
0.2196 -1.3629 0.9546
0.2197 -1.3554 0.9538
0.2198 -1.3482 0.9531
0.2199 -1.3412 0.9525
0.2200 -1.3345 0.9519
0.2201 -1.3281 0.9515
0.2201 -1.3219 0.9511
0.2202 -1.3160 0.9507
0.2203 -1.3104 0.9505
0.2204 -1.3051 0.9502
0.2205 -1.3001 0.9501
0.2205 -1.2953 0.9499
0.2206 -1.2909 0.9498
0.2207 -1.2867 0.9497
0.2207 -1.2828 0.9497
0.2208 -1.2792 0.9497
0.2208 -1.2760 0.9497
0.2209 -1.2730 0.9497
0.2209 -1.2703 0.9497
0.2209 -1.2680 0.9497
0.2210 -1.2659 0.9497
0.2210 -1.2642 0.9497
0.2210 -1.2627 0.9498
0.2210 -1.2616 0.9498
0.2210 -1.2608 0.9498
0.2210 -1.2603 0.9498
0.2210 -1.2602 0.9498
0.2210 -1.2602 0.9498
0.2279 -1.2634 0.9534
0.2366 -1.2676 0.9581
0.2477 -1.2729 0.9639
0.2611 -1.2793 0.9710
0.2768 -1.2869 0.9793
0.2950 -1.2955 0.9889
0.3155 -1.3054 0.9998
0.3383 -1.3163 1.0119
0.3629 -1.3280 1.0250
0.3888 -1.3400 1.0387
0.4162 -1.3522 1.0514
0.4449 -1.3648 1.0621
0.4743 -1.3780 1.0708
0.5042 -1.3918 1.0784
0.5344 -1.4063 1.0856
0.5600 -1.4188 1.0938
0.5863 -1.4318 1.1024
0.6132 -1.4454 1.1115
0.6406 -1.4594 1.1210
0.6684 -1.4738 1.1310
0.6964 -1.4884 1.1415
0.7245 -1.5032 1.1525
0.7526 -1.5181 1.1640
0.7806 -1.5330 1.1758
0.8083 -1.5477 1.1880
0.8358 -1.5623 1.2004
0.8628 -1.5766 1.2129
0.8892 -1.5905 1.2254
0.9150 -1.6040 1.2378
0.9401 -1.6170 1.2501
0.9643 -1.6296 1.2622
0.9877 -1.6416 1.2740
1.0101 -1.6531 1.2854
1.0318 -1.6640 1.2965
1.0524 -1.6744 1.3073
1.0721 -1.6841 1.3178
1.0907 -1.6933 1.3280
1.1081 -1.7020 1.3381
1.1243 -1.7102 1.3482
1.1461 -1.7230 1.3596
1.1662 -1.7351 1.3730
1.1842 -1.7461 1.3881
1.2001 -1.7555 1.4045
1.2138 -1.7630 1.4213
1.2254 -1.7682 1.4375
1.2348 -1.7712 1.4522
1.2425 -1.7723 1.4649
1.2484 -1.7718 1.4753
1.2531 -1.7703 1.4836
1.2567 -1.7679 1.4902
1.2593 -1.7649 1.4954
1.2611 -1.7610 1.4991
1.2612 -1.7577 1.5000
1.2612 -1.7577 1.5000
1.2612 -1.7577 1.5000
1.2612 -1.7577 1.5000
1.2612 -1.7577 1.5000
1.2612 -1.7577 1.5000
1.2612 -1.7577 1.5000
1.2612 -1.7577 1.5000
1.2612 -1.7577 1.5000
1.2612 -1.7577 1.5000
1.2612 -1.7577 1.5000
1.2612 -1.7577 1.4995
1.2612 -1.7577 1.4980
1.2612 -1.7577 1.4956
1.2612 -1.7577 1.4923
1.2612 -1.7576 1.4880
1.2612 -1.7575 1.4829
1.2612 -1.7572 1.4769
1.2612 -1.7568 1.4699
1.2612 -1.7563 1.4622
1.2612 -1.7556 1.4536
1.2612 -1.7546 1.4442
1.2612 -1.7534 1.4339
1.2612 -1.7518 1.4230
1.2612 -1.7498 1.4112
1.2612 -1.7474 1.3988
1.2612 -1.7445 1.3857
1.2612 -1.7411 1.3719
1.2612 -1.7370 1.3575
1.2612 -1.7323 1.3426
1.2612 -1.7269 1.3272
1.2612 -1.7208 1.3113
1.2612 -1.7138 1.2950
1.2612 -1.7060 1.2784
1.2612 -1.6972 1.2614
1.2612 -1.6875 1.2443
1.2612 -1.6767 1.2271
1.2612 -1.6649 1.2098
1.2612 -1.6521 1.1925
1.2612 -1.6381 1.1754
1.2612 -1.6230 1.1585
1.2612 -1.6068 1.1419
1.2612 -1.5894 1.1257
1.2612 -1.5708 1.1101
1.2612 -1.5511 1.0950
1.2612 -1.5302 1.0807
1.2612 -1.5082 1.0672
1.2612 -1.4852 1.0547
1.2612 -1.4611 1.0432
1.2612 -1.4360 1.0328
1.2612 -1.4099 1.0237
1.2612 -1.3830 1.0159
1.2612 -1.3554 1.0096
1.2612 -1.3270 1.0048
1.2612 -1.2980 1.0016
1.2612 -1.2685 1.0001
1.2612 -1.2387 1.0003
1.2612 -1.2086 1.0024
1.2612 -1.1783 1.0063
1.2612 -1.1481 1.0121
1.2612 -1.1180 1.0199
1.2612 -1.0882 1.0296
1.2612 -1.0588 1.0413
1.2612 -1.0299 1.0549
1.2612 -1.0019 1.0704
1.2612 -0.9746 1.0878
1.2612 -0.9484 1.1071
1.2612 -0.9234 1.1282
1.2612 -0.8997 1.1509
1.2612 -0.8774 1.1754
1.2612 -0.8567 1.2013
1.2612 -0.8377 1.2287
1.2612 -0.8205 1.2574
1.2612 -0.8052 1.2872
1.2612 -0.7920 1.3181
1.2612 -0.7808 1.3500
1.2612 -0.7717 1.3825
1.2612 -0.7649 1.4156
1.2612 -0.7603 1.4492
1.2612 -0.7580 1.4830
1.2612 -0.7580 1.5169
1.2612 -0.7603 1.5507
1.2612 -0.7649 1.5843
1.2612 -0.7717 1.6174
1.2612 -0.7808 1.6499
1.2612 -0.7920 1.6818
1.2612 -0.8052 1.7127
1.2612 -0.8205 1.7425
1.2612 -0.8377 1.7712
1.2612 -0.8567 1.7986
1.2612 -0.8774 1.8245
1.2612 -0.8997 1.8490
1.2612 -0.9234 1.8717
1.2612 -0.9484 1.8928
1.2612 -0.9746 1.9121
1.2612 -1.0019 1.9295
1.2612 -1.0299 1.9450
1.2612 -1.0588 1.9586
1.2612 -1.0882 1.9703
1.2612 -1.1180 1.9800
1.2612 -1.1481 1.9878
1.2612 -1.1783 1.9936
1.2612 -1.2086 1.9975
1.2612 -1.2387 1.9996
1.2612 -1.2685 1.9998
1.2612 -1.2980 1.9983
1.2612 -1.3270 1.9951
1.2612 -1.3554 1.9903
1.2612 -1.3830 1.9840
1.2612 -1.4099 1.9762
1.2612 -1.4360 1.9671
1.2612 -1.4611 1.9567
1.2612 -1.4852 1.9452
1.2612 -1.5082 1.9327
1.2612 -1.5302 1.9192
1.2612 -1.5511 1.9049
1.2612 -1.5708 1.8898
1.2612 -1.5894 1.8742
1.2612 -1.6068 1.8580
1.2612 -1.6230 1.8414
1.2612 -1.6381 1.8245
1.2612 -1.6521 1.8074
1.2612 -1.6649 1.7901
1.2612 -1.6767 1.7728
1.2612 -1.6875 1.7556
1.2612 -1.6972 1.7385
1.2612 -1.7060 1.7215
1.2612 -1.7138 1.7049
1.2612 -1.7208 1.6886
1.2612 -1.7269 1.6727
1.2612 -1.7323 1.6573
1.2612 -1.7370 1.6424
1.2612 -1.7411 1.6280
1.2612 -1.7445 1.6142
1.2612 -1.7474 1.6011
1.2612 -1.7498 1.5887
1.2612 -1.7518 1.5769
1.2612 -1.7534 1.5660
1.2612 -1.7546 1.5557
1.2612 -1.7556 1.5463
1.2612 -1.7563 1.5377
1.2612 -1.7568 1.5300
1.2612 -1.7572 1.5230
1.2612 -1.7575 1.5170
1.2612 -1.7576 1.5119
1.2612 -1.7577 1.5076
1.2612 -1.7577 1.5043
1.2612 -1.7577 1.5019
1.2612 -1.7577 1.5004
1.2612 -1.7577 1.5000
1.2612 -1.7577 1.5000
1.2612 -1.7577 1.5000
1.2533 -1.7576 1.5000
1.2441 -1.7575 1.5000
1.2331 -1.7573 1.5000
1.2201 -1.7571 1.5000
1.2051 -1.7569 1.5000
1.1881 -1.7566 1.5000
1.1692 -1.7564 1.5000
1.1488 -1.7561 1.5000
1.1274 -1.7557 1.5000
1.1073 -1.7574 1.5000
1.0869 -1.7590 1.5000
1.0670 -1.7603 1.5000
1.0477 -1.7610 1.5000
1.0297 -1.7613 1.5000
1.0129 -1.7611 1.5000
0.9967 -1.7610 1.5000
0.9805 -1.7608 1.5000
0.9646 -1.7606 1.5000
0.9489 -1.7604 1.5000
0.9303 -1.7606 1.5000
0.9110 -1.7609 1.5000
0.8913 -1.7612 1.5000
0.8717 -1.7617 1.5000
0.8527 -1.7624 1.5000
0.8350 -1.7633 1.5000
0.8190 -1.7644 1.5000
0.8041 -1.7645 1.5000
0.7905 -1.7635 1.5000
0.7787 -1.7609 1.5000
0.7692 -1.7581 1.5000
0.7617 -1.7554 1.5000
0.7554 -1.7528 1.5000
0.7500 -1.7500 1.5000
0.7500 -1.7500 1.4900
0.7500 -1.7500 1.4800
0.7500 -1.7500 1.4700
0.7500 -1.7500 1.4600
0.7500 -1.7500 1.4500
0.7500 -1.7500 1.4400
0.7500 -1.7500 1.4299
0.7500 -1.7500 1.4199
0.7500 -1.7500 1.4099
0.7500 -1.7500 1.3999
0.7500 -1.7500 1.3899
0.7500 -1.7500 1.3799
0.7500 -1.7500 1.3700
0.7500 -1.7500 1.3600
0.7500 -1.7500 1.3500
0.7500 -1.7500 1.3400
0.7500 -1.7500 1.3300
0.7500 -1.7500 1.3200
0.7500 -1.7500 1.3099
0.7500 -1.7500 1.2999
0.7500 -1.7500 1.2899
0.7500 -1.7500 1.2799
0.7500 -1.7500 1.2699
0.7500 -1.7500 1.2599
0.7500 -1.7500 1.2500
0.7500 -1.7500 1.2400
0.7500 -1.7500 1.2300
0.7500 -1.7500 1.2200
0.7500 -1.7500 1.2100
0.7500 -1.7500 1.2000
0.7500 -1.7500 1.1900
0.7500 -1.7500 1.1799
0.7500 -1.7500 1.1699
0.7500 -1.7500 1.1599
0.7500 -1.7500 1.1499
0.7500 -1.7500 1.1399
0.7500 -1.7500 1.1299
0.7500 -1.7500 1.1200
0.7500 -1.7500 1.1100
0.7500 -1.7500 1.1000
0.7500 -1.7500 1.0900
0.7500 -1.7500 1.0800
0.7500 -1.7500 1.0700
0.7500 -1.7500 1.0599
0.7500 -1.7500 1.0499
0.7500 -1.7500 1.0399
0.7500 -1.7500 1.0299
0.7500 -1.7500 1.0199
0.7500 -1.7500 1.0099
0.7500 -1.7500 1.0000
0.7500 -1.7500 0.9900
0.7500 -1.7500 0.9800
0.7500 -1.7500 0.9700
0.7500 -1.7500 0.9599
0.7500 -1.7500 0.9499
0.7500 -1.7500 0.9399
0.7500 -1.7500 0.9300
0.7500 -1.7500 0.9200
0.7500 -1.7500 0.9100
0.7500 -1.7500 0.8999
0.7500 -1.7500 0.8899
0.7500 -1.7500 0.8799
0.7500 -1.7500 0.8700
0.7500 -1.7500 0.8600
0.7500 -1.7500 0.8500
0.7500 -1.7500 0.8399
0.7500 -1.7500 0.8299
0.7500 -1.7500 0.8199
0.7500 -1.7500 0.8100
0.7500 -1.7500 0.8000
0.7500 -1.7500 0.7900
0.7500 -1.7500 0.7799
0.7500 -1.7500 0.7699
0.7500 -1.7500 0.7599
0.7500 -1.7500 0.7500
0.7500 -1.7500 0.7400
0.7500 -1.7500 0.7300
0.7500 -1.7500 0.7200
0.7500 -1.7500 0.7099
0.7500 -1.7500 0.6999
0.7500 -1.7500 0.6899
0.7500 -1.7500 0.6800
0.7500 -1.7500 0.6700
0.7500 -1.7500 0.6600
0.7500 -1.7500 0.6499
0.7500 -1.7500 0.6399
0.7500 -1.7500 0.6299
0.7500 -1.7500 0.6200
0.7500 -1.7500 0.6100
0.7500 -1.7500 0.6000
0.7500 -1.7500 0.5899
0.7500 -1.7500 0.5799
0.7500 -1.7500 0.5699
0.7500 -1.7500 0.5600
0.7500 -1.7500 0.5500
0.7500 -1.7500 0.5400
0.7500 -1.7500 0.5299
0.7500 -1.7500 0.5199
0.7500 -1.7500 0.5099
0.7500 -1.7500 0.5000
0.7500 -1.7500 0.4900
0.7500 -1.7500 0.4799
0.7500 -1.7500 0.4699
0.7500 -1.7500 0.4600
0.7500 -1.7500 0.4499
0.7500 -1.7500 0.4399
0.7500 -1.7500 0.4300
0.7500 -1.7500 0.4199
0.7500 -1.7500 0.4099
0.7500 -1.7500 0.4000
0.7500 -1.7500 0.3899
0.7500 -1.7500 0.3799
0.7500 -1.7500 0.3700
0.7500 -1.7500 0.3600
0.7500 -1.7500 0.3499
0.7500 -1.7500 0.3400
0.7500 -1.7500 0.3300
0.7500 -1.7500 0.3199
0.7500 -1.7500 0.3100
0.7500 -1.7500 0.3000
0.7500 -1.7500 0.2899
0.7500 -1.7500 0.2800
0.7500 -1.7500 0.2700
0.7500 -1.7500 0.2599
0.7500 -1.7500 0.2500
0.7500 -1.7500 0.2399
0.7500 -1.7500 0.2300
0.7500 -1.7500 0.2199
0.7500 -1.7500 0.2099
