0.7500 -1.7500 1.5000
0.7500 -1.7500 1.5000
0.7500 -1.7580 1.5000
0.7501 -1.7660 1.5001
0.7504 -1.7742 1.5002
0.7510 -1.7830 1.5005
0.7520 -1.7925 1.5010
0.7533 -1.8027 1.5017
0.7552 -1.8135 1.5027
0.7576 -1.8248 1.5039
0.7603 -1.8366 1.5055
0.7629 -1.8487 1.5074
0.7654 -1.8608 1.5094
0.7678 -1.8726 1.5115
0.7702 -1.8841 1.5135
0.7726 -1.8950 1.5156
0.7749 -1.9055 1.5176
0.7769 -1.9158 1.5191
0.7790 -1.9261 1.5208
0.7812 -1.9363 1.5224
0.7835 -1.9465 1.5241
0.7859 -1.9567 1.5258
0.7884 -1.9669 1.5276
0.7910 -1.9769 1.5294
0.7938 -1.9869 1.5312
0.7967 -1.9966 1.5331
0.7996 -2.0060 1.5350
0.8025 -2.0149 1.5368
0.8053 -2.0236 1.5385
0.8079 -2.0318 1.5403
0.8105 -2.0396 1.5419
0.8130 -2.0470 1.5435
0.8153 -2.0540 1.5451
0.8175 -2.0606 1.5465
0.8195 -2.0667 1.5479
0.8215 -2.0724 1.5492
0.8234 -2.0776 1.5503
0.8253 -2.0824 1.5514
0.8270 -2.0868 1.5524
0.8287 -2.0909 1.5533
0.8304 -2.0947 1.5541
0.8319 -2.0981 1.5549
0.8334 -2.1012 1.5556
0.8349 -2.1041 1.5562
0.8362 -2.1067 1.5567
0.8375 -2.1090 1.5572
0.8395 -2.1126 1.5580
0.8415 -2.1155 1.5586
0.8432 -2.1178 1.5592
0.8446 -2.1192 1.5595
0.8455 -2.1197 1.5598
0.8455 -2.1197 1.5598
0.8455 -2.1197 1.5598
0.8455 -2.1197 1.5598
0.8455 -2.1197 1.5598
0.8455 -2.1197 1.5598
0.8455 -2.1197 1.5598
0.8455 -2.1197 1.5598
0.8455 -2.1197 1.5598
0.8455 -2.1197 1.5598
0.8455 -2.1197 1.5598
0.8454 -2.1197 1.5596
0.8450 -2.1197 1.5592
0.8443 -2.1197 1.5585
0.8433 -2.1197 1.5575
0.8421 -2.1196 1.5563
0.8406 -2.1196 1.5548
0.8388 -2.1196 1.5530
0.8367 -2.1195 1.5510
0.8344 -2.1194 1.5487
0.8319 -2.1193 1.5461
0.8290 -2.1192 1.5433
0.8260 -2.1190 1.5402
0.8226 -2.1188 1.5368
0.8190 -2.1186 1.5332
0.8152 -2.1183 1.5294
0.8111 -2.1180 1.5253
0.8067 -2.1176 1.5209
0.8021 -2.1172 1.5163
0.7973 -2.1167 1.5115
0.7922 -2.1161 1.5064
0.7869 -2.1154 1.5011
0.7813 -2.1146 1.4955
0.7755 -2.1138 1.4897
0.7695 -2.1128 1.4837
0.7633 -2.1117 1.4774
0.7568 -2.1105 1.4710
0.7501 -2.1092 1.4643
0.7432 -2.1077 1.4573
0.7361 -2.1060 1.4502
0.7288 -2.1042 1.4429
0.7212 -2.1023 1.4353
0.7135 -2.1001 1.4275
0.7056 -2.0978 1.4196
0.6974 -2.0953 1.4114
0.6891 -2.0926 1.4031
0.6806 -2.0896 1.3945
0.6720 -2.0864 1.3858
0.6631 -2.0830 1.3769
0.6541 -2.0794 1.3678
0.6449 -2.0754 1.3586
0.6356 -2.0713 1.3492
0.6261 -2.0668 1.3397
0.6164 -2.0621 1.3300
0.6067 -2.0570 1.3201
0.5968 -2.0517 1.3102
0.5867 -2.0460 1.3001
0.5766 -2.0400 1.2899
0.5664 -2.0337 1.2795
0.5560 -2.0270 1.2691
0.5456 -2.0200 1.2585
0.5351 -2.0126 1.2479
0.5245 -2.0048 1.2372
0.5138 -1.9967 1.2265
0.5031 -1.9882 1.2156
0.4923 -1.9792 1.2047
0.4815 -1.9699 1.1938
0.4707 -1.9602 1.1829
0.4598 -1.9500 1.1719
0.4490 -1.9394 1.1609
0.4382 -1.9284 1.1499
0.4273 -1.9170 1.1389
0.4165 -1.9051 1.1279
0.4058 -1.8928 1.1170
0.3951 -1.8800 1.1061
0.3844 -1.8667 1.0953
0.3739 -1.8530 1.0845
0.3634 -1.8389 1.0739
0.3530 -1.8242 1.0633
0.3427 -1.8091 1.0528
0.3326 -1.7936 1.0425
0.3226 -1.7775 1.0322
0.3128 -1.7610 1.0222
0.3031 -1.7441 1.0122
0.2936 -1.7267 1.0025
0.2843 -1.7088 0.9929
0.2752 -1.6904 0.9836
0.2663 -1.6716 0.9744
0.2576 -1.6523 0.9655
0.2492 -1.6326 0.9568
0.2411 -1.6125 0.9484
0.2332 -1.5919 0.9402
0.2256 -1.5709 0.9323
0.2184 -1.5495 0.9247
0.2114 -1.5276 0.9175
0.2048 -1.5054 0.9105
0.1985 -1.4827 0.9039
0.1925 -1.4597 0.8976
0.1869 -1.4363 0.8917
0.1817 -1.4126 0.8862
0.1769 -1.3885 0.8810
0.1725 -1.3641 0.8763
0.1685 -1.3393 0.8719
0.1650 -1.3143 0.8680
0.1618 -1.2890 0.8645
0.1592 -1.2634 0.8615
0.1569 -1.2376 0.8589
0.1552 -1.2115 0.8567
0.1539 -1.1852 0.8551
0.1531 -1.1588 0.8539
0.1528 -1.1322 0.8532
0.1530 -1.1054 0.8531
0.1538 -1.0785 0.8534
0.1550 -1.0515 0.8543
0.1568 -1.0244 0.8556
0.1591 -0.9973 0.8575
0.1619 -0.9701 0.8600
0.1653 -0.9429 0.8630
0.1692 -0.9157 0.8665
0.1737 -0.8886 0.8706
0.1787 -0.8616 0.8752
0.1843 -0.8346 0.8804
0.1904 -0.8077 0.8861
0.1971 -0.7810 0.8924
0.2044 -0.7545 0.8993
0.2122 -0.7282 0.9067
0.2206 -0.7021 0.9147
0.2295 -0.6762 0.9232
0.2389 -0.6506 0.9323
0.2489 -0.6253 0.9420
0.2595 -0.6004 0.9522
0.2706 -0.5758 0.9629
0.2822 -0.5516 0.9742
0.2944 -0.5279 0.9860
0.3070 -0.5045 0.9983
0.3202 -0.4817 1.0111
0.3339 -0.4593 1.0245
0.3480 -0.4374 1.0383
0.3627 -0.4161 1.0526
0.3778 -0.3954 1.0674
0.3934 -0.3752 1.0827
0.4094 -0.3557 1.0984
0.4259 -0.3368 1.1146
0.4427 -0.3186 1.1312
0.4600 -0.3010 1.1482
0.4777 -0.2842 1.1656
0.4957 -0.2681 1.1834
0.5141 -0.2527 1.2016
0.5328 -0.2381 1.2201
0.5519 -0.2243 1.2390
0.5713 -0.2112 1.2581
0.5909 -0.1990 1.2776
0.6109 -0.1876 1.2973
0.6310 -0.1771 1.3174
0.6514 -0.1674 1.3376
0.6721 -0.1586 1.3581
0.6929 -0.1507 1.3788
0.7138 -0.1436 1.3996
0.7350 -0.1375 1.4206
0.7562 -0.1323 1.4418
0.7776 -0.1280 1.4631
0.7990 -0.1246 1.4845
0.8205 -0.1221 1.5059
0.8421 -0.1205 1.5274
0.8636 -0.1199 1.5490
0.8852 -0.1202 1.5705
0.9067 -0.1215 1.5921
0.9282 -0.1236 1.6136
0.9496 -0.1267 1.6350
0.9710 -0.1308 1.6564
0.9922 -0.1357 1.6777
1.0133 -0.1415 1.6989
1.0342 -0.1483 1.7199
1.0550 -0.1559 1.7407
1.0756 -0.1644 1.7614
1.0959 -0.1739 1.7819
1.1160 -0.1841 1.8021
1.1359 -0.1952 1.8222
1.1555 -0.2072 1.8419
1.1748 -0.2200 1.8614
1.1938 -0.2335 1.8805
1.2124 -0.2479 1.8994
1.2307 -0.2631 1.9179
1.2487 -0.2790 1.9361
1.2662 -0.2956 1.9539
1.2834 -0.3129 1.9713
1.3002 -0.3310 1.9883
1.3165 -0.3497 2.0049
1.3324 -0.3690 2.0211
1.3479 -0.3890 2.0368
1.3629 -0.4096 2.0521
1.3774 -0.4308 2.0669
1.3914 -0.4525 2.0812
1.4049 -0.4748 2.0950
1.4179 -0.4975 2.1084
1.4304 -0.5208 2.1212
1.4424 -0.5445 2.1335
1.4539 -0.5686 2.1453
1.4648 -0.5931 2.1566
1.4752 -0.6180 2.1673
1.4850 -0.6432 2.1775
1.4943 -0.6687 2.1872
1.5030 -0.6946 2.1963
1.5112 -0.7207 2.2048
1.5188 -0.7470 2.2128
1.5258 -0.7736 2.2202
1.5323 -0.8003 2.2271
1.5382 -0.8272 2.2334
1.5436 -0.8542 2.2391
1.5484 -0.8813 2.2443
1.5526 -0.9085 2.2489
1.5563 -0.9358 2.2530
1.5595 -0.9631 2.2565
1.5621 -0.9903 2.2595
1.5641 -1.0176 2.2620
1.5656 -1.0448 2.2639
1.5666 -1.0719 2.2652
1.5671 -1.0989 2.2661
1.5670 -1.1258 2.2664
1.5665 -1.1526 2.2663
1.5654 -1.1792 2.2656
1.5638 -1.2056 2.2644
1.5618 -1.2318 2.2628
1.5593 -1.2578 2.2606
1.5563 -1.2836 2.2581
1.5529 -1.3091 2.2550
1.5491 -1.3343 2.2515
1.5448 -1.3592 2.2476
1.5401 -1.3838 2.2432
1.5350 -1.4081 2.2385
1.5295 -1.4320 2.2333
1.5236 -1.4556 2.2278
1.5173 -1.4788 2.2219
1.5107 -1.5017 2.2156
1.5038 -1.5241 2.2090
1.4965 -1.5462 2.2020
1.4889 -1.5678 2.1948
1.4810 -1.5890 2.1872
1.4728 -1.6098 2.1793
1.4644 -1.6302 2.1711
1.4556 -1.6501 2.1627
1.4467 -1.6695 2.1540
1.4375 -1.6885 2.1451
1.4280 -1.7071 2.1359
1.4184 -1.7252 2.1266
1.4086 -1.7428 2.1170
1.3986 -1.7599 2.1073
1.3884 -1.7766 2.0974
1.3781 -1.7928 2.0873
1.3676 -1.8085 2.0770
1.3571 -1.8238 2.0667
1.3464 -1.8386 2.0562
1.3356 -1.8529 2.0456
1.3247 -1.8668 2.0350
1.3137 -1.8801 2.0242
1.3027 -1.8931 2.0134
1.2916 -1.9056 2.0025
1.2805 -1.9176 1.9916
1.2694 -1.9291 1.9806
1.2582 -1.9403 1.9696
1.2471 -1.9510 1.9586
1.2359 -1.9612 1.9476
1.2248 -1.9711 1.9366
1.2137 -1.9805 1.9257
1.2026 -1.9895 1.9148
1.1916 -1.9981 1.9039
1.1807 -2.0063 1.8930
1.1698 -2.0142 1.8823
1.1590 -2.0216 1.8716
1.1482 -2.0287 1.8610
1.1376 -2.0354 1.8504
1.1271 -2.0418 1.8400
1.1166 -2.0478 1.8297
1.1063 -2.0535 1.8194
1.0961 -2.0589 1.8093
1.0861 -2.0639 1.7994
1.0762 -2.0687 1.7895
1.0664 -2.0732 1.7798
1.0568 -2.0773 1.7703
1.0473 -2.0813 1.7609
1.0381 -2.0849 1.7517
1.0289 -2.0883 1.7426
1.0200 -2.0915 1.7337
1.0112 -2.0944 1.7250
1.0026 -2.0971 1.7164
0.9942 -2.0996 1.7081
0.9861 -2.1019 1.6999
0.9781 -2.1040 1.6920
0.9703 -2.1059 1.6842
0.9627 -2.1076 1.6766
0.9553 -2.1092 1.6693
0.9481 -2.1106 1.6622
0.9412 -2.1119 1.6552
0.9345 -2.1131 1.6485
0.9280 -2.1141 1.6421
0.9217 -2.1150 1.6358
0.9157 -2.1158 1.6298
0.9098 -2.1165 1.6240
0.9043 -2.1171 1.6184
0.8989 -2.1176 1.6131
0.8938 -2.1181 1.6080
0.8890 -2.1184 1.6032
0.8844 -2.1188 1.5986
0.8800 -2.1190 1.5942
0.8759 -2.1192 1.5901
0.8721 -2.1194 1.5863
0.8685 -2.1195 1.5827
0.8651 -2.1196 1.5793
0.8620 -2.1197 1.5762
0.8592 -2.1197 1.5734
0.8566 -2.1197 1.5708
0.8543 -2.1198 1.5685
0.8523 -2.1198 1.5665
0.8505 -2.1197 1.5647
0.8490 -2.1197 1.5632
0.8477 -2.1197 1.5620
0.8468 -2.1197 1.5610
0.8461 -2.1197 1.5603
0.8457 -2.1197 1.5599
0.8455 -2.1197 1.5598
0.8455 -2.1197 1.5598
0.8455 -2.1197 1.5598
0.8455 -2.1197 1.5598
0.8455 -2.1197 1.5598
0.8455 -2.1197 1.5598
0.8455 -2.1197 1.5598
0.8455 -2.1197 1.5598
0.8455 -2.1197 1.5598
0.8455 -2.1197 1.5598
0.8455 -2.1197 1.5598
0.8455 -2.1197 1.5598
0.8409 -2.1149 1.5548
0.8351 -2.1087 1.5487
0.8280 -2.1006 1.5411
0.8197 -2.0902 1.5324
0.8106 -2.0774 1.5226
0.8008 -2.0619 1.5122
0.7907 -2.0435 1.5014
0.7807 -2.0224 1.4906
0.7710 -1.9996 1.4802
0.7620 -1.9759 1.4704
0.7537 -1.9521 1.4614
0.7460 -1.9291 1.4530
0.7389 -1.9071 1.4453
0.7324 -1.8864 1.4381
0.7265 -1.8674 1.4318
0.7199 -1.8499 1.4246
0.7135 -1.8324 1.4177
0.7074 -1.8148 1.4110
0.7015 -1.7973 1.4046
0.6958 -1.7801 1.3984
0.6904 -1.7632 1.3925
0.6853 -1.7466 1.3869
0.6780 -1.7254 1.3790
0.6712 -1.7036 1.3716
0.6651 -1.6818 1.3649
0.6599 -1.6607 1.3592
0.6556 -1.6413 1.3543
0.6521 -1.6240 1.3504
0.6492 -1.6092 1.3472
0.6469 -1.5967 1.3447
0.6453 -1.5864 1.3428
0.6444 -1.5781 1.3417
0.6445 -1.5714 1.3417
0.6453 -1.5658 1.3424
0.6467 -1.5621 1.3437
0.6470 -1.5614 1.3440
0.6470 -1.5614 1.3440
0.6469 -1.5613 1.3439
0.6467 -1.5611 1.3437
0.6464 -1.5609 1.3434
0.6459 -1.5605 1.3429
0.6453 -1.5599 1.3423
0.6446 -1.5593 1.3416
0.6438 -1.5586 1.3407
0.6428 -1.5577 1.3398
0.6417 -1.5567 1.3387
0.6405 -1.5557 1.3374
0.6391 -1.5544 1.3361
0.6377 -1.5531 1.3346
0.6361 -1.5517 1.3330
0.6344 -1.5501 1.3313
0.6326 -1.5484 1.3295
0.6307 -1.5466 1.3275
0.6287 -1.5446 1.3255
0.6266 -1.5426 1.3233
0.6243 -1.5404 1.3211
0.6220 -1.5380 1.3187
0.6196 -1.5355 1.3162
0.6170 -1.5329 1.3137
0.6144 -1.5302 1.3110
0.6117 -1.5272 1.3083
0.6089 -1.5242 1.3054
0.6060 -1.5210 1.3025
0.6031 -1.5176 1.2995
0.6000 -1.5141 1.2964
0.5969 -1.5105 1.2932
0.5937 -1.5066 1.2900
0.5905 -1.5027 1.2867
0.5871 -1.4985 1.2833
0.5838 -1.4942 1.2799
0.5803 -1.4897 1.2764
0.5768 -1.4850 1.2728
0.5733 -1.4801 1.2692
0.5697 -1.4751 1.2656
0.5661 -1.4699 1.2619
0.5625 -1.4645 1.2581
0.5588 -1.4589 1.2544
0.5551 -1.4531 1.2506
0.5513 -1.4471 1.2468
0.5476 -1.4409 1.2429
0.5438 -1.4346 1.2391
0.5401 -1.4280 1.2352
0.5363 -1.4212 1.2314
0.5325 -1.4142 1.2275
0.5288 -1.4070 1.2237
0.5251 -1.3996 1.2198
0.5214 -1.3920 1.2160
0.5177 -1.3842 1.2122
0.5140 -1.3762 1.2085
0.5104 -1.3679 1.2047
0.5068 -1.3595 1.2010
0.5033 -1.3508 1.1974
0.4999 -1.3419 1.1938
0.4965 -1.3328 1.1903
0.4931 -1.3235 1.1868
0.4899 -1.3140 1.1835
0.4867 -1.3043 1.1801
0.4836 -1.2944 1.1769
0.4807 -1.2842 1.1738
0.4778 -1.2739 1.1708
0.4750 -1.2633 1.1678
0.4723 -1.2526 1.1650
0.4698 -1.2416 1.1623
0.4674 -1.2305 1.1597
0.4651 -1.2191 1.1573
0.4630 -1.2076 1.1550
0.4610 -1.1959 1.1528
0.4591 -1.1840 1.1508
0.4574 -1.1719 1.1490
0.4559 -1.1597 1.1473
0.4546 -1.1473 1.1458
0.4534 -1.1347 1.1444
0.4524 -1.1220 1.1432
0.4516 -1.1092 1.1423
0.4510 -1.0962 1.1415
0.4507 -1.0831 1.1409
0.4505 -1.0698 1.1405
0.4505 -1.0564 1.1403
0.4507 -1.0429 1.1404
0.4512 -1.0294 1.1407
0.4519 -1.0157 1.1412
0.4528 -1.0020 1.1419
0.4540 -0.9881 1.1428
0.4554 -0.9742 1.1440
0.4570 -0.9603 1.1455
0.4589 -0.9463 1.1472
0.4611 -0.9323 1.1491
0.4635 -0.9183 1.1514
0.4662 -0.9042 1.1538
0.4691 -0.8902 1.1565
0.4723 -0.8762 1.1595
0.4758 -0.8622 1.1628
0.4795 -0.8483 1.1663
0.4835 -0.8344 1.1701
0.4878 -0.8205 1.1742
0.4923 -0.8068 1.1786
0.4972 -0.7931 1.1832
0.5023 -0.7795 1.1881
0.5077 -0.7661 1.1933
0.5133 -0.7528 1.1988
0.5193 -0.7396 1.2045
0.5255 -0.7266 1.2105
0.5319 -0.7138 1.2168
0.5387 -0.7011 1.2234
0.5457 -0.6887 1.2302
0.5530 -0.6764 1.2373
0.5605 -0.6644 1.2447
0.5684 -0.6527 1.2523
0.5764 -0.6412 1.2602
0.5847 -0.6299 1.2684
0.5933 -0.6189 1.2768
0.6021 -0.6083 1.2854
0.6112 -0.5979 1.2943
0.6204 -0.5879 1.3034
0.6299 -0.5782 1.3128
0.6397 -0.5688 1.3224
0.6496 -0.5598 1.3322
0.6598 -0.5512 1.3422
0.6701 -0.5429 1.3524
0.6806 -0.5351 1.3628
0.6914 -0.5276 1.3735
0.7023 -0.5206 1.3842
0.7133 -0.5140 1.3952
0.7246 -0.5078 1.4063
0.7359 -0.5021 1.4176
0.7475 -0.4968 1.4291
0.7591 -0.4919 1.4406
0.7709 -0.4876 1.4523
0.7827 -0.4837 1.4641
0.7947 -0.4803 1.4760
0.8068 -0.4774 1.4880
0.8189 -0.4750 1.5001
0.8311 -0.4731 1.5123
0.8433 -0.4717 1.5245
0.8556 -0.4709 1.5368
0.8680 -0.4705 1.5491
0.8803 -0.4706 1.5615
0.8927 -0.4713 1.5738
0.9050 -0.4725 1.5862
0.9174 -0.4742 1.5985
0.9297 -0.4764 1.6109
0.9419 -0.4792 1.6232
0.9541 -0.4825 1.6354
0.9663 -0.4863 1.6476
0.9783 -0.4906 1.6597
0.9903 -0.4954 1.6718
1.0022 -0.5008 1.6837
1.0140 -0.5067 1.6955
1.0256 -0.5130 1.7073
1.0371 -0.5199 1.7189
1.0484 -0.5272 1.7303
1.0596 -0.5351 1.7416
1.0707 -0.5434 1.7527
1.0815 -0.5522 1.7637
1.0921 -0.5614 1.7745
1.1026 -0.5712 1.7850
1.1128 -0.5813 1.7954
1.1228 -0.5919 1.8055
1.1326 -0.6029 1.8155
1.1421 -0.6143 1.8251
1.1514 -0.6262 1.8346
1.1604 -0.6384 1.8438
1.1691 -0.6510 1.8527
1.1776 -0.6639 1.8613
1.1857 -0.6773 1.8697
1.1936 -0.6909 1.8777
1.2012 -0.7049 1.8855
1.2084 -0.7192 1.8930
1.2154 -0.7337 1.9001
1.2220 -0.7486 1.9070
1.2283 -0.7637 1.9135
1.2343 -0.7791 1.9197
1.2399 -0.7947 1.9255
1.2452 -0.8105 1.9310
1.2502 -0.8265 1.9362
1.2548 -0.8427 1.9411
1.2590 -0.8590 1.9455
1.2629 -0.8756 1.9497
1.2665 -0.8922 1.9535
1.2696 -0.9090 1.9569
1.2725 -0.9258 1.9599
1.2749 -0.9428 1.9627
1.2770 -0.9598 1.9650
1.2788 -0.9768 1.9670
1.2802 -0.9939 1.9686
1.2812 -1.0111 1.9699
1.2819 -1.0282 1.9709
1.2822 -1.0453 1.9714
1.2822 -1.0623 1.9717
1.2818 -1.0793 1.9715
1.2811 -1.0963 1.9711
1.2801 -1.1132 1.9702
1.2787 -1.1300 1.9691
1.2769 -1.1466 1.9676
1.2749 -1.1632 1.9658
1.2725 -1.1796 1.9636
1.2698 -1.1959 1.9611
1.2667 -1.2120 1.9584
1.2634 -1.2279 1.9553
1.2598 -1.2436 1.9519
1.2559 -1.2592 1.9482
1.2517 -1.2745 1.9442
1.2472 -1.2896 1.9399
1.2424 -1.3044 1.9354
1.2374 -1.3190 1.9305
1.2321 -1.3334 1.9255
1.2265 -1.3475 1.9201
1.2207 -1.3613 1.9145
1.2147 -1.3748 1.9087
1.2085 -1.3881 1.9027
1.2020 -1.4010 1.8964
1.1953 -1.4137 1.8899
1.1885 -1.4260 1.8832
1.1814 -1.4380 1.8763
1.1741 -1.4497 1.8692
1.1667 -1.4610 1.8620
1.1591 -1.4720 1.8546
1.1514 -1.4827 1.8470
1.1435 -1.4931 1.8393
1.1355 -1.5031 1.8314
1.1273 -1.5127 1.8234
1.1191 -1.5220 1.8153
1.1107 -1.5310 1.8070
1.1022 -1.5396 1.7987
1.0936 -1.5478 1.7902
1.0850 -1.5557 1.7817
1.0763 -1.5633 1.7731
1.0675 -1.5705 1.7644
1.0586 -1.5773 1.7556
1.0497 -1.5838 1.7468
1.0408 -1.5900 1.7380
1.0318 -1.5958 1.7291
1.0228 -1.6012 1.7202
1.0138 -1.6064 1.7112
1.0047 -1.6112 1.7023
0.9957 -1.6156 1.6933
0.9867 -1.6198 1.6844
0.9777 -1.6236 1.6754
0.9687 -1.6271 1.6665
0.9597 -1.6303 1.6576
0.9508 -1.6332 1.6487
0.9419 -1.6358 1.6399
0.9331 -1.6381 1.6311
0.9243 -1.6401 1.6223
0.9156 -1.6418 1.6136
0.9069 -1.6433 1.6050
0.8983 -1.6445 1.5964
0.8898 -1.6454 1.5879
0.8814 -1.6461 1.5795
0.8730 -1.6465 1.5711
0.8647 -1.6467 1.5629
0.8566 -1.6467 1.5547
0.8485 -1.6464 1.5466
0.8405 -1.6459 1.5387
0.8326 -1.6452 1.5308
0.8249 -1.6444 1.5230
0.8172 -1.6433 1.5153
0.8097 -1.6420 1.5078
0.8023 -1.6406 1.5003
0.7950 -1.6390 1.4930
0.7878 -1.6372 1.4858
0.7807 -1.6353 1.4787
0.7738 -1.6333 1.4718
0.7670 -1.6311 1.4649
0.7603 -1.6288 1.4582
0.7538 -1.6264 1.4517
0.7474 -1.6238 1.4452
0.7411 -1.6212 1.4389
0.7349 -1.6184 1.4327
0.7289 -1.6156 1.4267
0.7231 -1.6127 1.4208
0.7173 -1.6098 1.4150
0.7117 -1.6068 1.4094
0.7063 -1.6037 1.4039
0.7009 -1.6006 1.3985
0.6958 -1.5974 1.3933
0.6907 -1.5942 1.3882
0.6858 -1.5910 1.3832
0.6810 -1.5877 1.3784
0.6764 -1.5845 1.3737
0.6719 -1.5812 1.3692
0.6675 -1.5780 1.3648
0.6633 -1.5748 1.3605
0.6592 -1.5715 1.3564
0.6552 -1.5683 1.3524
0.6514 -1.5652 1.3485
0.6477 -1.5620 1.3448
0.6441 -1.5589 1.3411
0.6407 -1.5559 1.3377
0.6374 -1.5529 1.3343
0.6342 -1.5499 1.3311
0.6312 -1.5470 1.3280
0.6283 -1.5442 1.3251
0.6255 -1.5415 1.3222
0.6228 -1.5388 1.3195
0.6203 -1.5362 1.3169
0.6178 -1.5337 1.3145
0.6155 -1.5313 1.3122
0.6134 -1.5290 1.3099
0.6113 -1.5268 1.3079
0.6094 -1.5247 1.3059
0.6076 -1.5227 1.3041
0.6059 -1.5208 1.3023
0.6043 -1.5190 1.3007
0.6028 -1.5174 1.2992
0.6015 -1.5158 1.2979
0.6002 -1.5144 1.2966
0.5991 -1.5131 1.2955
0.5981 -1.5119 1.2945
0.5973 -1.5109 1.2936
0.5965 -1.5100 1.2928
0.5959 -1.5092 1.2922
0.5953 -1.5086 1.2916
0.5949 -1.5081 1.2912
0.5946 -1.5077 1.2909
0.5944 -1.5075 1.2907
0.5944 -1.5075 1.2907
0.5944 -1.5075 1.2907
0.5944 -1.5075 1.2907
0.5944 -1.5075 1.2907
0.5944 -1.5075 1.2907
0.5944 -1.5075 1.2907
0.5944 -1.5075 1.2907
0.5944 -1.5075 1.2907
0.5944 -1.5075 1.2907
0.5944 -1.5075 1.2907
0.5944 -1.5075 1.2907
0.5944 -1.5075 1.2907
0.5944 -1.5075 1.2907
0.5944 -1.5075 1.2907
0.5944 -1.5075 1.2907
0.5944 -1.5075 1.2907
0.5944 -1.5075 1.2907
0.5944 -1.5075 1.2907
0.5944 -1.5075 1.2907
0.5944 -1.5075 1.2907
0.5944 -1.5075 1.2907
0.5944 -1.5075 1.2907
0.5944 -1.5075 1.2907
0.5944 -1.5075 1.2907
0.5944 -1.5075 1.2907
0.5944 -1.5075 1.2907
0.5944 -1.5075 1.2907
0.5944 -1.5075 1.2907
0.5944 -1.5075 1.2907
0.5944 -1.5075 1.2907
0.5944 -1.5075 1.2907
0.5959 -1.5144 1.2868
0.5983 -1.5225 1.2822
0.6021 -1.5321 1.2765
0.6075 -1.5431 1.2697
0.6150 -1.5552 1.2620
0.6248 -1.5682 1.2535
0.6367 -1.5820 1.2446
0.6507 -1.5967 1.2354
0.6660 -1.6119 1.2262
0.6822 -1.6275 1.2173
0.6991 -1.6436 1.2086
0.7163 -1.6601 1.2003
0.7339 -1.6768 1.1922
0.7515 -1.6938 1.1842
0.7693 -1.7109 1.1762
0.7841 -1.7263 1.1684
0.7994 -1.7421 1.1603
0.8152 -1.7581 1.1522
0.8314 -1.7744 1.1439
0.8480 -1.7909 1.1355
0.8648 -1.8074 1.1272
0.8817 -1.8238 1.1189
0.8987 -1.8401 1.1107
0.9157 -1.8563 1.1027
0.9326 -1.8723 1.0947
0.9494 -1.8881 1.0870
0.9659 -1.9037 1.0795
0.9821 -1.9189 1.0722
0.9978 -1.9338 1.0652
1.0131 -1.9483 1.0584
1.0279 -1.9624 1.0518
1.0422 -1.9761 1.0455
1.0558 -1.9893 1.0394
1.0688 -2.0019 1.0336
1.0848 -2.0174 1.0269
1.1003 -2.0326 1.0201
1.1151 -2.0473 1.0134
1.1292 -2.0613 1.0066
1.1424 -2.0745 1.0000
1.1546 -2.0866 0.9936
1.1655 -2.0975 0.9878
1.1749 -2.1069 0.9828
1.1829 -2.1149 0.9786
1.1900 -2.1220 0.9748
1.1960 -2.1280 0.9716
1.2011 -2.1330 0.9689
1.2054 -2.1374 0.9666
1.2084 -2.1404 0.9650
1.2084 -2.1404 0.9650
1.2084 -2.1404 0.9650
1.2084 -2.1404 0.9650
1.2084 -2.1404 0.9650
1.2084 -2.1404 0.9650
1.2084 -2.1404 0.9650
1.2084 -2.1404 0.9650
1.2084 -2.1404 0.9650
1.2084 -2.1404 0.9650
1.2084 -2.1404 0.9650
1.2084 -2.1404 0.9650
1.2084 -2.1404 0.9650
1.2084 -2.1404 0.9650
1.2084 -2.1404 0.9650
1.2084 -2.1404 0.9650
1.2084 -2.1404 0.9650
1.2084 -2.1404 0.9650
1.2084 -2.1404 0.9650
1.2084 -2.1404 0.9650
1.2084 -2.1404 0.9650
1.2084 -2.1404 0.9650
1.2084 -2.1404 0.9650
1.2084 -2.1404 0.9650
1.2084 -2.1404 0.9650
1.2084 -2.1404 0.9650
1.2084 -2.1404 0.9650
1.2084 -2.1404 0.9650
1.2084 -2.1404 0.9650
1.2084 -2.1404 0.9650
1.2084 -2.1404 0.9650
1.2084 -2.1404 0.9650
1.2084 -2.1404 0.9650
1.2084 -2.1404 0.9650
1.2084 -2.1404 0.9650
1.2084 -2.1404 0.9650
1.2084 -2.1404 0.9650
1.2084 -2.1404 0.9650
1.2084 -2.1404 0.9650
1.2084 -2.1404 0.9650
1.2084 -2.1404 0.9650
1.2084 -2.1404 0.9650
1.2084 -2.1404 0.9650
1.2084 -2.1404 0.9650
1.2084 -2.1404 0.9650
1.2084 -2.1404 0.9650
1.2084 -2.1404 0.9650
1.2084 -2.1404 0.9650
1.2084 -2.1404 0.9650
1.2084 -2.1404 0.9650
1.2084 -2.1404 0.9650
1.2084 -2.1404 0.9650
1.2084 -2.1404 0.9650
1.2084 -2.1404 0.9650
1.2084 -2.1404 0.9650
1.2084 -2.1404 0.9650
1.2084 -2.1404 0.9650
1.2084 -2.1404 0.9650
1.2084 -2.1404 0.9650
1.2084 -2.1404 0.9650
1.2084 -2.1404 0.9650
1.2084 -2.1404 0.9650
1.2084 -2.1404 0.9650
1.2084 -2.1404 0.9650
1.2084 -2.1404 0.9650
1.2084 -2.1404 0.9650
1.2084 -2.1404 0.9650
1.2084 -2.1404 0.9650
1.2084 -2.1404 0.9650
1.2084 -2.1404 0.9650
1.2084 -2.1404 0.9650
1.2084 -2.1404 0.9650
1.2084 -2.1404 0.9650
1.2084 -2.1404 0.9650
1.2084 -2.1404 0.9650
1.2084 -2.1404 0.9650
1.2084 -2.1404 0.9650
1.2084 -2.1404 0.9650
1.2084 -2.1404 0.9650
1.2084 -2.1404 0.9650
1.2084 -2.1404 0.9650
1.2084 -2.1404 0.9650
1.2084 -2.1404 0.9650
1.2084 -2.1404 0.9650
1.2084 -2.1404 0.9650
1.2084 -2.1404 0.9650
1.2084 -2.1404 0.9650
1.2084 -2.1404 0.9650
1.2084 -2.1404 0.9650
1.2084 -2.1404 0.9650
1.2084 -2.1404 0.9650
1.2084 -2.1404 0.9650
1.2084 -2.1404 0.9650
1.2084 -2.1404 0.9650
1.2084 -2.1404 0.9650
1.2084 -2.1404 0.9650
1.2084 -2.1404 0.9650
1.2084 -2.1404 0.9650
1.2084 -2.1404 0.9650
1.2084 -2.1404 0.9650
1.2084 -2.1404 0.9650
1.2084 -2.1399 0.9645
1.2084 -2.1391 0.9636
1.2084 -2.1380 0.9624
1.2084 -2.1366 0.9609
1.2085 -2.1349 0.9590
1.2085 -2.1328 0.9567
1.2085 -2.1305 0.9542
1.2086 -2.1278 0.9513
1.2086 -2.1249 0.9481
1.2087 -2.1216 0.9446
1.2087 -2.1180 0.9407
1.2088 -2.1141 0.9366
1.2088 -2.1098 0.9322
1.2089 -2.1052 0.9275
1.2090 -2.1003 0.9226
1.2090 -2.0951 0.9173
1.2091 -2.0895 0.9118
1.2092 -2.0836 0.9061
1.2093 -2.0774 0.9001
1.2094 -2.0708 0.8938
1.2095 -2.0639 0.8874
1.2096 -2.0566 0.8807
1.2097 -2.0489 0.8738
1.2098 -2.0409 0.8668
1.2100 -2.0325 0.8595
1.2101 -2.0238 0.8521
1.2102 -2.0146 0.8445
1.2103 -2.0051 0.8368
1.2105 -1.9952 0.8289
1.2106 -1.9850 0.8209
1.2108 -1.9743 0.8128
1.2110 -1.9632 0.8047
1.2111 -1.9518 0.7964
1.2113 -1.9399 0.7880
1.2115 -1.9276 0.7797
1.2117 -1.9149 0.7712
1.2118 -1.9018 0.7628
1.2120 -1.8883 0.7543
1.2122 -1.8744 0.7459
1.2124 -1.8600 0.7375
1.2127 -1.8452 0.7291
1.2129 -1.8300 0.7208
1.2131 -1.8144 0.7125
1.2133 -1.7983 0.7044
1.2136 -1.7818 0.6964
1.2138 -1.7649 0.6885
1.2141 -1.7476 0.6807
1.2143 -1.7298 0.6731
1.2146 -1.7116 0.6657
1.2149 -1.6930 0.6585
1.2151 -1.6740 0.6515
1.2154 -1.6546 0.6447
1.2157 -1.6347 0.6382
1.2160 -1.6144 0.6320
1.2163 -1.5938 0.6261
1.2166 -1.5727 0.6205
1.2169 -1.5513 0.6152
1.2172 -1.5294 0.6103
1.2175 -1.5072 0.6058
1.2179 -1.4846 0.6016
1.2182 -1.4617 0.5979
1.2185 -1.4384 0.5946
1.2189 -1.4148 0.5917
1.2192 -1.3908 0.5894
1.2196 -1.3666 0.5875
1.2199 -1.3420 0.5861
1.2203 -1.3172 0.5852
1.2206 -1.2920 0.5849
1.2210 -1.2666 0.5851
1.2214 -1.2410 0.5859
1.2218 -1.2152 0.5873
1.2221 -1.1891 0.5893
1.2225 -1.1629 0.5919
1.2229 -1.1364 0.5952
1.2233 -1.1099 0.5991
1.2237 -1.0832 0.6037
1.2241 -1.0563 0.6090
1.2244 -1.0294 0.6149
1.2248 -1.0025 0.6216
1.2252 -0.9754 0.6290
1.2256 -0.9484 0.6371
1.2260 -0.9214 0.6459
1.2264 -0.8944 0.6555
1.2268 -0.8674 0.6658
1.2272 -0.8406 0.6769
1.2276 -0.8138 0.6888
1.2279 -0.7872 0.7014
1.2283 -0.7607 0.7148
1.2287 -0.7344 0.7290
1.2291 -0.7084 0.7440
1.2295 -0.6825 0.7597
1.2298 -0.6570 0.7762
1.2302 -0.6317 0.7935
1.2305 -0.6068 0.8116
1.2309 -0.5823 0.8305
1.2312 -0.5581 0.8501
1.2316 -0.5344 0.8705
1.2319 -0.5111 0.8916
1.2323 -0.4882 0.9135
1.2326 -0.4659 0.9361
1.2329 -0.4441 0.9595
1.2332 -0.4229 0.9836
1.2335 -0.4023 1.0083
1.2338 -0.3823 1.0338
1.2341 -0.3629 1.0599
1.2343 -0.3442 1.0867
1.2346 -0.3262 1.1142
1.2348 -0.3090 1.1422
1.2351 -0.2924 1.1709
1.2353 -0.2767 1.2001
1.2355 -0.2618 1.2299
1.2357 -0.2477 1.2602
1.2359 -0.2344 1.2911
1.2361 -0.2221 1.3224
1.2363 -0.2106 1.3542
1.2364 -0.2000 1.3864
1.2366 -0.1904 1.4190
1.2367 -0.1817 1.4520
1.2368 -0.1740 1.4853
1.2369 -0.1673 1.5189
1.2370 -0.1616 1.5528
1.2370 -0.1568 1.5870
1.2371 -0.1532 1.6214
1.2371 -0.1505 1.6559
1.2372 -0.1489 1.6906
1.2372 -0.1484 1.7254
1.2372 -0.1489 1.7603
1.2371 -0.1505 1.7952
1.2371 -0.1532 1.8301
1.2370 -0.1569 1.8650
1.2370 -0.1618 1.8999
1.2369 -0.1677 1.9346
1.2368 -0.1747 1.9691
1.2367 -0.1828 2.0035
1.2365 -0.1919 2.0377
1.2364 -0.2021 2.0716
1.2362 -0.2134 2.1052
1.2360 -0.2257 2.1385
1.2359 -0.2391 2.1714
1.2356 -0.2535 2.2039
1.2354 -0.2689 2.2360
1.2352 -0.2854 2.2676
1.2349 -0.3028 2.2987
1.2347 -0.3212 2.3292
1.2344 -0.3406 2.3592
1.2341 -0.3609 2.3886
1.2338 -0.3821 2.4173
1.2335 -0.4042 2.4454
1.2331 -0.4271 2.4727
1.2328 -0.4510 2.4993
1.2324 -0.4756 2.5252
1.2321 -0.5010 2.5503
1.2317 -0.5273 2.5745
1.2313 -0.5542 2.5980
1.2309 -0.5818 2.6205
1.2305 -0.6102 2.6422
1.2301 -0.6392 2.6630
1.2297 -0.6687 2.6828
1.2292 -0.6989 2.7017
1.2288 -0.7296 2.7196
1.2283 -0.7609 2.7366
1.2279 -0.7926 2.7526
1.2274 -0.8248 2.7675
1.2269 -0.8573 2.7814
1.2265 -0.8903 2.7943
1.2260 -0.9236 2.8062
1.2255 -0.9572 2.8169
1.2250 -0.9910 2.8267
1.2245 -1.0251 2.8354
1.2240 -1.0594 2.8430
1.2235 -1.0938 2.8495
1.2230 -1.1283 2.8550
1.2225 -1.1629 2.8594
1.2220 -1.1976 2.8627
1.2215 -1.2323 2.8650
1.2210 -1.2669 2.8662
1.2205 -1.3015 2.8664
1.2200 -1.3360 2.8655
1.2195 -1.3704 2.8636
1.2190 -1.4046 2.8607
1.2185 -1.4385 2.8567
1.2180 -1.4723 2.8518
1.2176 -1.5058 2.8458
1.2171 -1.5390 2.8389
1.2166 -1.5719 2.8310
1.2161 -1.6044 2.8222
1.2157 -1.6365 2.8125
1.2152 -1.6683 2.8019
1.2148 -1.6995 2.7904
1.2143 -1.7304 2.7780
1.2139 -1.7607 2.7648
1.2134 -1.7905 2.7508
1.2130 -1.8198 2.7360
1.2126 -1.8485 2.7204
1.2122 -1.8767 2.7041
1.2118 -1.9042 2.6870
1.2114 -1.9311 2.6693
1.2110 -1.9574 2.6509
1.2107 -1.9831 2.6318
1.2103 -2.0081 2.6122
1.2100 -2.0324 2.5920
1.2096 -2.0560 2.5712
1.2093 -2.0789 2.5498
1.2090 -2.1011 2.5280
1.2087 -2.1226 2.5057
1.2084 -2.1433 2.4830
1.2081 -2.1633 2.4598
1.2078 -2.1826 2.4363
1.2075 -2.2011 2.4124
1.2073 -2.2189 2.3882
1.2070 -2.2359 2.3637
1.2068 -2.2522 2.3389
1.2066 -2.2677 2.3138
1.2063 -2.2825 2.2885
1.2061 -2.2965 2.2631
1.2059 -2.3098 2.2375
1.2058 -2.3223 2.2117
1.2056 -2.3341 2.1859
1.2054 -2.3452 2.1599
1.2053 -2.3555 2.1339
1.2051 -2.3651 2.1078
1.2050 -2.3741 2.0818
1.2049 -2.3823 2.0557
1.2048 -2.3898 2.0297
1.2047 -2.3967 2.0037
1.2046 -2.4029 1.9779
1.2045 -2.4084 1.9521
1.2045 -2.4133 1.9264
1.2044 -2.4175 1.9009
1.2043 -2.4212 1.8755
1.2043 -2.4243 1.8503
1.2043 -2.4267 1.8254
1.2042 -2.4286 1.8006
1.2042 -2.4300 1.7760
1.2042 -2.4308 1.7517
1.2042 -2.4311 1.7277
1.2042 -2.4309 1.7039
1.2042 -2.4302 1.6804
1.2042 -2.4290 1.6572
1.2042 -2.4274 1.6343
1.2043 -2.4254 1.6117
1.2043 -2.4229 1.5895
1.2044 -2.4201 1.5676
1.2044 -2.4169 1.5460
1.2045 -2.4133 1.5249
1.2045 -2.4093 1.5040
1.2046 -2.4051 1.4836
1.2046 -2.4006 1.4635
1.2047 -2.3957 1.4438
1.2048 -2.3906 1.4246
1.2049 -2.3853 1.4057
1.2049 -2.3797 1.3872
1.2050 -2.3739 1.3691
1.2051 -2.3679 1.3514
1.2052 -2.3618 1.3341
1.2053 -2.3555 1.3173
1.2054 -2.3490 1.3008
1.2055 -2.3424 1.2848
1.2056 -2.3357 1.2692
1.2057 -2.3290 1.2540
1.2058 -2.3221 1.2392
1.2059 -2.3152 1.2248
1.2060 -2.3083 1.2109
1.2061 -2.3013 1.1974
1.2062 -2.2943 1.1842
1.2063 -2.2874 1.1715
1.2064 -2.2804 1.1592
1.2065 -2.2735 1.1473
1.2066 -2.2667 1.1358
1.2067 -2.2599 1.1247
1.2068 -2.2532 1.1140
1.2069 -2.2465 1.1037
1.2070 -2.2400 1.0938
1.2070 -2.2336 1.0843
1.2071 -2.2273 1.0751
1.2072 -2.2212 1.0664
1.2073 -2.2152 1.0580
1.2074 -2.2094 1.0500
1.2075 -2.2037 1.0424
1.2076 -2.1983 1.0352
1.2076 -2.1930 1.0283
1.2077 -2.1879 1.0218
1.2078 -2.1831 1.0157
1.2078 -2.1785 1.0099
1.2079 -2.1741 1.0045
1.2080 -2.1699 0.9994
1.2080 -2.1660 0.9947
1.2081 -2.1623 0.9903
1.2081 -2.1590 0.9863
1.2082 -2.1558 0.9827
1.2082 -2.1530 0.9794
1.2083 -2.1504 0.9764
1.2083 -2.1481 0.9738
1.2083 -2.1461 0.9715
1.2083 -2.1444 0.9696
1.2084 -2.1430 0.9680
1.2084 -2.1419 0.9668
1.2084 -2.1412 0.9659
1.2084 -2.1407 0.9654
1.2084 -2.1405 0.9652
1.2084 -2.1405 0.9652
1.2155 -2.1379 0.9688
1.2245 -2.1347 0.9734
1.2358 -2.1306 0.9791
1.2494 -2.1256 0.9861
1.2655 -2.1198 0.9942
1.2840 -2.1130 1.0036
1.3048 -2.1055 1.0142
1.3281 -2.0971 1.0260
1.3531 -2.0883 1.0386
1.3796 -2.0794 1.0516
1.4072 -2.0705 1.0650
1.4355 -2.0619 1.0785
1.4645 -2.0534 1.0920
1.4938 -2.0451 1.1056
1.5233 -2.0370 1.1191
1.5486 -2.0296 1.1310
1.5747 -2.0219 1.1433
1.6014 -2.0141 1.1557
1.6287 -2.0062 1.1685
1.6566 -1.9981 1.1814
1.6847 -1.9898 1.1945
1.7132 -1.9815 1.2077
1.7417 -1.9730 1.2210
1.7703 -1.9644 1.2343
1.7987 -1.9559 1.2476
1.8269 -1.9473 1.2608
1.8547 -1.9388 1.2738
1.8819 -1.9305 1.2866
1.9086 -1.9222 1.2993
1.9345 -1.9141 1.3116
1.9595 -1.9062 1.3236
1.9837 -1.8984 1.3352
2.0069 -1.8909 1.3465
2.0292 -1.8834 1.3575
2.0504 -1.8760 1.3681
2.0705 -1.8688 1.3783
2.0893 -1.8616 1.3880
2.1070 -1.8547 1.3973
2.1236 -1.8479 1.4061
2.1463 -1.8406 1.4171
2.1677 -1.8332 1.4276
2.1875 -1.8257 1.4376
2.2055 -1.8182 1.4471
2.2215 -1.8106 1.4560
2.2351 -1.8032 1.4642
2.2461 -1.7962 1.4716
2.2546 -1.7898 1.4782
2.2606 -1.7839 1.4839
2.2646 -1.7783 1.4889
2.2668 -1.7729 1.4932
2.2672 -1.7676 1.4968
2.2655 -1.7623 1.4994
2.2612 -1.7577 1.5000
2.2612 -1.7577 1.5000
2.2612 -1.7577 1.5000
2.2612 -1.7577 1.5000
2.2612 -1.7577 1.5000
2.2612 -1.7577 1.5000
2.2612 -1.7577 1.5000
2.2612 -1.7577 1.5000
2.2612 -1.7577 1.5000
2.2612 -1.7577 1.5000
2.2612 -1.7577 1.5000
2.2612 -1.7577 1.4995
2.2612 -1.7577 1.4980
2.2612 -1.7577 1.4956
2.2612 -1.7577 1.4923
2.2612 -1.7576 1.4880
2.2612 -1.7575 1.4829
2.2612 -1.7572 1.4769
2.2612 -1.7568 1.4699
2.2612 -1.7563 1.4622
2.2612 -1.7556 1.4536
2.2612 -1.7546 1.4442
2.2612 -1.7534 1.4339
2.2612 -1.7518 1.4230
2.2612 -1.7498 1.4112
2.2612 -1.7474 1.3988
2.2612 -1.7445 1.3857
2.2612 -1.7411 1.3719
2.2612 -1.7370 1.3575
2.2612 -1.7323 1.3426
2.2612 -1.7269 1.3272
2.2612 -1.7208 1.3113
2.2612 -1.7138 1.2950
2.2612 -1.7060 1.2784
2.2612 -1.6972 1.2614
2.2612 -1.6875 1.2443
2.2612 -1.6767 1.2271
2.2612 -1.6649 1.2098
2.2612 -1.6521 1.1925
2.2612 -1.6381 1.1754
2.2612 -1.6230 1.1585
2.2612 -1.6068 1.1419
2.2612 -1.5894 1.1257
2.2612 -1.5708 1.1101
2.2612 -1.5511 1.0950
2.2612 -1.5302 1.0807
2.2612 -1.5082 1.0672
2.2612 -1.4852 1.0547
2.2612 -1.4611 1.0432
2.2612 -1.4360 1.0328
2.2612 -1.4099 1.0237
2.2612 -1.3830 1.0159
2.2612 -1.3554 1.0096
2.2612 -1.3270 1.0048
2.2612 -1.2980 1.0016
2.2612 -1.2685 1.0001
2.2612 -1.2387 1.0003
2.2612 -1.2086 1.0024
2.2612 -1.1783 1.0063
2.2612 -1.1481 1.0121
2.2612 -1.1180 1.0199
2.2612 -1.0882 1.0296
2.2612 -1.0588 1.0413
2.2612 -1.0299 1.0549
2.2612 -1.0019 1.0704
2.2612 -0.9746 1.0878
2.2612 -0.9484 1.1071
2.2612 -0.9234 1.1282
2.2612 -0.8997 1.1509
2.2612 -0.8774 1.1754
2.2612 -0.8567 1.2013
2.2612 -0.8377 1.2287
2.2612 -0.8205 1.2574
2.2612 -0.8052 1.2872
2.2612 -0.7920 1.3181
2.2612 -0.7808 1.3500
2.2612 -0.7717 1.3825
2.2612 -0.7649 1.4156
2.2612 -0.7603 1.4492
2.2612 -0.7580 1.4830
2.2612 -0.7580 1.5169
2.2612 -0.7603 1.5507
2.2612 -0.7649 1.5843
2.2612 -0.7717 1.6174
2.2612 -0.7808 1.6499
2.2612 -0.7920 1.6818
2.2612 -0.8052 1.7127
2.2612 -0.8205 1.7425
2.2612 -0.8377 1.7712
2.2612 -0.8567 1.7986
2.2612 -0.8774 1.8245
2.2612 -0.8997 1.8490
2.2612 -0.9234 1.8717
2.2612 -0.9484 1.8928
2.2612 -0.9746 1.9121
2.2612 -1.0019 1.9295
2.2612 -1.0299 1.9450
2.2612 -1.0588 1.9586
2.2612 -1.0882 1.9703
2.2612 -1.1180 1.9800
2.2612 -1.1481 1.9878
2.2612 -1.1783 1.9936
2.2612 -1.2086 1.9975
2.2612 -1.2387 1.9996
2.2612 -1.2685 1.9998
2.2612 -1.2980 1.9983
2.2612 -1.3270 1.9951
2.2612 -1.3554 1.9903
2.2612 -1.3830 1.9840
2.2612 -1.4099 1.9762
2.2612 -1.4360 1.9671
2.2612 -1.4611 1.9567
2.2612 -1.4852 1.9452
2.2612 -1.5082 1.9327
2.2612 -1.5302 1.9192
2.2612 -1.5511 1.9049
2.2612 -1.5708 1.8898
2.2612 -1.5894 1.8742
2.2612 -1.6068 1.8580
2.2612 -1.6230 1.8414
2.2612 -1.6381 1.8245
2.2612 -1.6521 1.8074
2.2612 -1.6649 1.7901
2.2612 -1.6767 1.7728
2.2612 -1.6875 1.7556
2.2612 -1.6972 1.7385
2.2612 -1.7060 1.7215
2.2612 -1.7138 1.7049
2.2612 -1.7208 1.6886
2.2612 -1.7269 1.6727
2.2612 -1.7323 1.6573
2.2612 -1.7370 1.6424
2.2612 -1.7411 1.6280
2.2612 -1.7445 1.6142
2.2612 -1.7474 1.6011
2.2612 -1.7498 1.5887
2.2612 -1.7518 1.5769
2.2612 -1.7534 1.5660
2.2612 -1.7546 1.5557
2.2612 -1.7556 1.5463
2.2612 -1.7563 1.5377
2.2612 -1.7568 1.5300
2.2612 -1.7572 1.5230
2.2612 -1.7575 1.5170
2.2612 -1.7576 1.5119
2.2612 -1.7577 1.5076
2.2612 -1.7577 1.5043
2.2612 -1.7577 1.5019
2.2612 -1.7577 1.5004
2.2612 -1.7577 1.5000
2.2612 -1.7577 1.5000
2.2612 -1.7577 1.5000
2.2533 -1.7576 1.5000
2.2441 -1.7575 1.5000
2.2331 -1.7573 1.5000
2.2201 -1.7571 1.5000
2.2051 -1.7569 1.5000
2.1881 -1.7566 1.5000
2.1692 -1.7564 1.5000
2.1488 -1.7561 1.5000
2.1274 -1.7557 1.5000
2.1058 -1.7554 1.5000
2.0845 -1.7551 1.5000
2.0640 -1.7548 1.5000
2.0445 -1.7545 1.5000
2.0265 -1.7542 1.5000
2.0097 -1.7540 1.5000
1.9934 -1.7537 1.5000
1.9771 -1.7535 1.5000
1.9611 -1.7532 1.5000
1.9455 -1.7530 1.5000
1.9266 -1.7527 1.5000
1.9070 -1.7524 1.5000
1.8871 -1.7521 1.5000
1.8671 -1.7518 1.5000
1.8476 -1.7515 1.5000
1.8294 -1.7512 1.5000
1.8128 -1.7510 1.5000
1.7982 -1.7508 1.5000
1.7857 -1.7506 1.5000
1.7752 -1.7504 1.5000
1.7665 -1.7503 1.5000
1.7595 -1.7502 1.5000
1.7535 -1.7501 1.5000
1.7500 -1.7500 1.5000
1.7500 -1.7500 1.4900
1.7500 -1.7500 1.4800
1.7500 -1.7500 1.4700
1.7500 -1.7500 1.4600
1.7500 -1.7500 1.4500
1.7500 -1.7500 1.4400
1.7500 -1.7500 1.4299
1.7500 -1.7500 1.4199
1.7500 -1.7500 1.4099
1.7500 -1.7500 1.3999
1.7500 -1.7500 1.3899
1.7500 -1.7500 1.3799
1.7500 -1.7500 1.3700
1.7500 -1.7500 1.3600
1.7500 -1.7500 1.3500
1.7500 -1.7500 1.3400
1.7500 -1.7500 1.3300
1.7500 -1.7500 1.3200
1.7500 -1.7500 1.3099
1.7500 -1.7500 1.2999
1.7500 -1.7500 1.2899
1.7500 -1.7500 1.2799
1.7500 -1.7500 1.2699
1.7500 -1.7500 1.2599
1.7500 -1.7500 1.2500
1.7500 -1.7500 1.2400
1.7500 -1.7500 1.2300
1.7500 -1.7500 1.2200
1.7500 -1.7500 1.2100
1.7500 -1.7500 1.2000
1.7500 -1.7500 1.1900
1.7500 -1.7500 1.1799
1.7500 -1.7500 1.1699
1.7500 -1.7500 1.1599
1.7500 -1.7500 1.1499
1.7500 -1.7500 1.1399
1.7500 -1.7500 1.1299
1.7500 -1.7500 1.1200
1.7500 -1.7500 1.1100
1.7500 -1.7500 1.1000
1.7500 -1.7500 1.0900
1.7500 -1.7500 1.0800
1.7500 -1.7500 1.0700
1.7500 -1.7500 1.0599
1.7500 -1.7500 1.0499
1.7500 -1.7500 1.0399
1.7500 -1.7500 1.0299
1.7500 -1.7500 1.0199
1.7500 -1.7500 1.0099
1.7500 -1.7500 1.0000
1.7500 -1.7500 0.9900
1.7500 -1.7500 0.9800
1.7500 -1.7500 0.9700
1.7500 -1.7500 0.9599
1.7500 -1.7500 0.9499
1.7500 -1.7500 0.9399
1.7500 -1.7500 0.9300
1.7500 -1.7500 0.9200
1.7500 -1.7500 0.9100
1.7500 -1.7500 0.8999
1.7500 -1.7500 0.8899
1.7500 -1.7500 0.8799
1.7500 -1.7500 0.8700
1.7500 -1.7500 0.8600
1.7500 -1.7500 0.8500
1.7500 -1.7500 0.8399
1.7500 -1.7500 0.8299
1.7500 -1.7500 0.8199
1.7500 -1.7500 0.8100
1.7500 -1.7500 0.8000
1.7500 -1.7500 0.7900
1.7500 -1.7500 0.7799
1.7500 -1.7500 0.7699
1.7500 -1.7500 0.7599
1.7500 -1.7500 0.7500
1.7500 -1.7500 0.7400
1.7500 -1.7500 0.7300
1.7500 -1.7500 0.7200
1.7500 -1.7500 0.7099
1.7500 -1.7500 0.6999
1.7500 -1.7500 0.6899
1.7500 -1.7500 0.6800
1.7500 -1.7500 0.6700
1.7500 -1.7500 0.6600
1.7500 -1.7500 0.6499
1.7500 -1.7500 0.6399
1.7500 -1.7500 0.6299
1.7500 -1.7500 0.6200
1.7500 -1.7500 0.6100
1.7500 -1.7500 0.6000
1.7500 -1.7500 0.5899
1.7500 -1.7500 0.5799
1.7500 -1.7500 0.5699
1.7500 -1.7500 0.5600
1.7500 -1.7500 0.5500
1.7500 -1.7500 0.5400
1.7500 -1.7500 0.5299
1.7500 -1.7500 0.5199
1.7500 -1.7500 0.5099
1.7500 -1.7500 0.5000
1.7500 -1.7500 0.4900
1.7500 -1.7500 0.4799
1.7500 -1.7500 0.4699
1.7500 -1.7500 0.4600
1.7500 -1.7500 0.4499
1.7500 -1.7500 0.4399
1.7500 -1.7500 0.4300
1.7500 -1.7500 0.4199
1.7500 -1.7500 0.4099
1.7500 -1.7500 0.4000
1.7500 -1.7500 0.3899
1.7500 -1.7500 0.3799
1.7500 -1.7500 0.3700
1.7500 -1.7500 0.3600
1.7500 -1.7500 0.3499
1.7500 -1.7500 0.3400
1.7500 -1.7500 0.3300
1.7500 -1.7500 0.3199
1.7500 -1.7500 0.3100
1.7500 -1.7500 0.3000
1.7500 -1.7500 0.2899
1.7500 -1.7500 0.2800
1.7500 -1.7500 0.2700
1.7500 -1.7500 0.2599
1.7500 -1.7500 0.2500
1.7500 -1.7500 0.2399
1.7500 -1.7500 0.2300
1.7500 -1.7500 0.2199
1.7500 -1.7500 0.2099
