1.7500 -0.7500 1.5000
1.7500 -0.7500 1.5000
1.7499 -0.7416 1.4999
1.7498 -0.7308 1.4998
1.7494 -0.7172 1.4993
1.7487 -0.7006 1.4984
1.7474 -0.6812 1.4968
1.7453 -0.6591 1.4941
1.7423 -0.6342 1.4902
1.7384 -0.6066 1.4851
1.7342 -0.5770 1.4791
1.7289 -0.5460 1.4727
1.7209 -0.5146 1.4666
1.7099 -0.4841 1.4616
1.6958 -0.4550 1.4582
1.6791 -0.4277 1.4565
1.6602 -0.4023 1.4564
1.6468 -0.3787 1.4555
1.6323 -0.3552 1.4549
1.6166 -0.3317 1.4547
1.5999 -0.3085 1.4548
1.5821 -0.2857 1.4552
1.5635 -0.2634 1.4558
1.5440 -0.2417 1.4567
1.5238 -0.2206 1.4578
1.5030 -0.2004 1.4591
1.4816 -0.1810 1.4606
1.4596 -0.1626 1.4623
1.4371 -0.1452 1.4643
1.4141 -0.1290 1.4666
1.3908 -0.1140 1.4693
1.3672 -0.1002 1.4723
1.3433 -0.0878 1.4756
1.3191 -0.0768 1.4792
1.2944 -0.0673 1.4833
1.2695 -0.0593 1.4877
1.2445 -0.0528 1.4924
1.2197 -0.0476 1.4973
1.1953 -0.0438 1.5024
1.1714 -0.0411 1.5075
1.1483 -0.0396 1.5126
1.1261 -0.0390 1.5175
1.1048 -0.0393 1.5223
1.0845 -0.0404 1.5268
1.0652 -0.0422 1.5310
1.0471 -0.0444 1.5349
1.0237 -0.0451 1.5405
1.0020 -0.0472 1.5452
0.9824 -0.0507 1.5490
0.9647 -0.0551 1.5519
0.9487 -0.0602 1.5543
0.9339 -0.0660 1.5562
0.9204 -0.0723 1.5577
0.9082 -0.0792 1.5588
0.8973 -0.0866 1.5597
0.8885 -0.0940 1.5601
0.8820 -0.1012 1.5602
0.8778 -0.1078 1.5600
0.8752 -0.1140 1.5598
0.8744 -0.1200 1.5598
0.8744 -0.1200 1.5598
0.8745 -0.1200 1.5599
0.8750 -0.1200 1.5603
0.8757 -0.1200 1.5610
0.8766 -0.1200 1.5620
0.8779 -0.1200 1.5632
0.8794 -0.1201 1.5647
0.8811 -0.1201 1.5665
0.8832 -0.1202 1.5685
0.8855 -0.1202 1.5708
0.8881 -0.1203 1.5734
0.8909 -0.1205 1.5762
0.8940 -0.1206 1.5793
0.8973 -0.1208 1.5827
0.9009 -0.1210 1.5863
0.9048 -0.1213 1.5901
0.9089 -0.1216 1.5942
0.9132 -0.1220 1.5986
0.9178 -0.1225 1.6032
0.9227 -0.1230 1.6080
0.9277 -0.1236 1.6131
0.9331 -0.1243 1.6184
0.9386 -0.1250 1.6240
0.9444 -0.1259 1.6298
0.9504 -0.1269 1.6358
0.9567 -0.1279 1.6421
0.9631 -0.1292 1.6485
0.9698 -0.1305 1.6552
0.9767 -0.1320 1.6622
0.9838 -0.1336 1.6693
0.9912 -0.1354 1.6766
0.9987 -0.1374 1.6842
1.0064 -0.1395 1.6920
1.0144 -0.1418 1.6999
1.0225 -0.1444 1.7081
1.0308 -0.1471 1.7164
1.0393 -0.1501 1.7250
1.0480 -0.1532 1.7337
1.0568 -0.1566 1.7426
1.0659 -0.1603 1.7517
1.0750 -0.1642 1.7609
1.0844 -0.1684 1.7703
1.0939 -0.1729 1.7798
1.1035 -0.1776 1.7895
1.1133 -0.1826 1.7994
1.1232 -0.1880 1.8093
1.1332 -0.1937 1.8194
1.1433 -0.1997 1.8297
1.1536 -0.2060 1.8400
1.1639 -0.2126 1.8504
1.1744 -0.2197 1.8610
1.1849 -0.2271 1.8716
1.1955 -0.2348 1.8823
1.2061 -0.2430 1.8930
1.2169 -0.2515 1.9039
1.2276 -0.2604 1.9148
1.2384 -0.2697 1.9257
1.2492 -0.2795 1.9367
1.2601 -0.2896 1.9476
1.2709 -0.3002 1.9586
1.2818 -0.3112 1.9696
1.2926 -0.3227 1.9806
1.3034 -0.3346 1.9916
1.3142 -0.3469 2.0025
1.3249 -0.3597 2.0134
1.3355 -0.3729 2.0242
1.3461 -0.3866 2.0350
1.3565 -0.4008 2.0456
1.3669 -0.4154 2.0562
1.3772 -0.4305 2.0667
1.3873 -0.4461 2.0770
1.3973 -0.4621 2.0873
1.4072 -0.4786 2.0974
1.4169 -0.4956 2.1073
1.4264 -0.5130 2.1170
1.4357 -0.5309 2.1266
1.4448 -0.5492 2.1359
1.4537 -0.5680 2.1451
1.4623 -0.5873 2.1540
1.4707 -0.6070 2.1627
1.4788 -0.6272 2.1711
1.4867 -0.6478 2.1793
1.4943 -0.6688 2.1872
1.5016 -0.6902 2.1948
1.5085 -0.7120 2.2020
1.5152 -0.7343 2.2090
1.5215 -0.7569 2.2156
1.5274 -0.7800 2.2219
1.5330 -0.8033 2.2278
1.5382 -0.8271 2.2333
1.5430 -0.8512 2.2385
1.5474 -0.8756 2.2432
1.5514 -0.9003 2.2476
1.5550 -0.9254 2.2515
1.5581 -0.9507 2.2550
1.5608 -0.9763 2.2581
1.5630 -1.0021 2.2606
1.5648 -1.0281 2.2628
1.5660 -1.0544 2.2644
1.5668 -1.0809 2.2656
1.5671 -1.1075 2.2663
1.5669 -1.1343 2.2664
1.5662 -1.1612 2.2661
1.5649 -1.1882 2.2652
1.5632 -1.2152 2.2639
1.5609 -1.2424 2.2620
1.5580 -1.2696 2.2595
1.5546 -1.2967 2.2565
1.5507 -1.3239 2.2530
1.5462 -1.3510 2.2489
1.5412 -1.3781 2.2443
1.5356 -1.4051 2.2391
1.5295 -1.4319 2.2334
1.5228 -1.4586 2.2271
1.5156 -1.4852 2.2202
1.5077 -1.5115 2.2128
1.4994 -1.5376 2.2048
1.4905 -1.5635 2.1963
1.4810 -1.5890 2.1872
1.4710 -1.6143 2.1775
1.4604 -1.6392 2.1673
1.4493 -1.6638 2.1566
1.4377 -1.6880 2.1453
1.4256 -1.7118 2.1335
1.4129 -1.7351 2.1212
1.3997 -1.7580 2.1084
1.3861 -1.7804 2.0950
1.3719 -1.8022 2.0812
1.3572 -1.8235 2.0669
1.3421 -1.8443 2.0521
1.3266 -1.8644 2.0368
1.3105 -1.8839 2.0211
1.2941 -1.9028 2.0049
1.2772 -1.9211 1.9883
1.2599 -1.9386 1.9713
1.2423 -1.9555 1.9539
1.2242 -1.9716 1.9361
1.2058 -1.9870 1.9179
1.1871 -2.0016 1.8994
1.1680 -2.0154 1.8805
1.1487 -2.0284 1.8614
1.1290 -2.0406 1.8419
1.1091 -2.0520 1.8222
1.0889 -2.0625 1.8021
1.0685 -2.0722 1.7819
1.0479 -2.0810 1.7614
1.0271 -2.0890 1.7407
1.0061 -2.0960 1.7199
0.9850 -2.1021 1.6989
0.9637 -2.1074 1.6777
0.9424 -2.1117 1.6564
0.9209 -2.1151 1.6350
0.8994 -2.1176 1.6136
0.8779 -2.1191 1.5921
0.8563 -2.1197 1.5705
0.8347 -2.1194 1.5490
0.8132 -2.1182 1.5274
0.7917 -2.1160 1.5059
0.7703 -2.1129 1.4845
0.7490 -2.1089 1.4631
0.7277 -2.1040 1.4418
0.7066 -2.0981 1.4206
0.6857 -2.0914 1.3996
0.6649 -2.0837 1.3788
0.6444 -2.0752 1.3581
0.6240 -2.0658 1.3376
0.6039 -2.0555 1.3174
0.5840 -2.0444 1.2973
0.5644 -2.0325 1.2776
0.5452 -2.0197 1.2581
0.5262 -2.0061 1.2390
0.5075 -1.9917 1.2201
0.4892 -1.9766 1.2016
0.4713 -1.9607 1.1834
0.4537 -1.9441 1.1656
0.4365 -1.9267 1.1482
0.4198 -1.9087 1.1312
0.4034 -1.8900 1.1146
0.3875 -1.8706 1.0984
0.3721 -1.8506 1.0827
0.3571 -1.8300 1.0674
0.3426 -1.8089 1.0526
0.3285 -1.7871 1.0383
0.3150 -1.7649 1.0245
0.3020 -1.7421 1.0111
0.2895 -1.7189 0.9983
0.2775 -1.6952 0.9860
0.2660 -1.6711 0.9742
0.2551 -1.6466 0.9629
0.2447 -1.6217 0.9522
0.2349 -1.5965 0.9420
0.2256 -1.5709 0.9323
0.2169 -1.5451 0.9232
0.2088 -1.5190 0.9147
0.2011 -1.4926 0.9067
0.1941 -1.4661 0.8993
0.1876 -1.4393 0.8924
0.1817 -1.4125 0.8861
0.1763 -1.3854 0.8804
0.1715 -1.3583 0.8752
0.1673 -1.3311 0.8706
0.1636 -1.3039 0.8665
0.1605 -1.2766 0.8630
0.1579 -1.2493 0.8600
0.1558 -1.2221 0.8575
0.1543 -1.1949 0.8556
0.1533 -1.1678 0.8543
0.1529 -1.1407 0.8534
0.1529 -1.1138 0.8531
0.1535 -1.0871 0.8532
0.1545 -1.0605 0.8539
0.1561 -1.0340 0.8551
0.1581 -1.0078 0.8567
0.1606 -0.9818 0.8589
0.1636 -0.9561 0.8615
0.1670 -0.9306 0.8645
0.1709 -0.9054 0.8680
0.1752 -0.8805 0.8719
0.1799 -0.8559 0.8763
0.1850 -0.8316 0.8810
0.1905 -0.8076 0.8862
0.1963 -0.7840 0.8917
0.2026 -0.7608 0.8976
0.2092 -0.7380 0.9039
0.2162 -0.7155 0.9105
0.2234 -0.6935 0.9175
0.2310 -0.6718 0.9247
0.2389 -0.6506 0.9323
0.2471 -0.6298 0.9402
0.2556 -0.6095 0.9484
0.2643 -0.5896 0.9568
0.2733 -0.5701 0.9655
0.2825 -0.5511 0.9744
0.2919 -0.5326 0.9836
0.3015 -0.5145 0.9929
0.3113 -0.4969 1.0025
0.3213 -0.4797 1.0122
0.3315 -0.4631 1.0222
0.3418 -0.4469 1.0322
0.3523 -0.4311 1.0425
0.3629 -0.4159 1.0528
0.3736 -0.4011 1.0633
0.3844 -0.3868 1.0739
0.3952 -0.3729 1.0845
0.4062 -0.3595 1.0953
0.4172 -0.3466 1.1061
0.4283 -0.3341 1.1170
0.4394 -0.3221 1.1279
0.4505 -0.3105 1.1389
0.4617 -0.2994 1.1499
0.4728 -0.2887 1.1609
0.4840 -0.2784 1.1719
0.4951 -0.2686 1.1829
0.5062 -0.2592 1.1938
0.5173 -0.2501 1.2047
0.5283 -0.2415 1.2156
0.5393 -0.2333 1.2265
0.5502 -0.2255 1.2372
0.5610 -0.2180 1.2479
0.5717 -0.2110 1.2586
0.5823 -0.2042 1.2691
0.5929 -0.1979 1.2795
0.6033 -0.1919 1.2899
0.6136 -0.1862 1.3001
0.6238 -0.1808 1.3102
0.6338 -0.1757 1.3201
0.6438 -0.1710 1.3300
0.6535 -0.1665 1.3397
0.6631 -0.1623 1.3492
0.6726 -0.1584 1.3586
0.6819 -0.1548 1.3678
0.6910 -0.1514 1.3769
0.7000 -0.1482 1.3858
0.7087 -0.1453 1.3945
0.7173 -0.1426 1.4031
0.7257 -0.1401 1.4114
0.7339 -0.1378 1.4196
0.7419 -0.1357 1.4275
0.7497 -0.1338 1.4353
0.7573 -0.1320 1.4429
0.7646 -0.1305 1.4502
0.7718 -0.1290 1.4573
0.7787 -0.1277 1.4643
0.7855 -0.1266 1.4710
0.7920 -0.1256 1.4774
0.7982 -0.1247 1.4837
0.8043 -0.1239 1.4897
0.8101 -0.1232 1.4955
0.8157 -0.1226 1.5011
0.8210 -0.1220 1.5064
0.8261 -0.1216 1.5115
0.8309 -0.1212 1.5163
0.8356 -0.1209 1.5209
0.8399 -0.1206 1.5253
0.8440 -0.1204 1.5294
0.8479 -0.1203 1.5332
0.8515 -0.1202 1.5368
0.8548 -0.1201 1.5402
0.8579 -0.1200 1.5433
0.8608 -0.1199 1.5461
0.8633 -0.1199 1.5487
0.8656 -0.1199 1.5510
0.8677 -0.1199 1.5530
0.8695 -0.1199 1.5548
0.8710 -0.1199 1.5563
0.8722 -0.1199 1.5575
0.8732 -0.1199 1.5585
0.8739 -0.1199 1.5592
0.8743 -0.1200 1.5596
0.8744 -0.1200 1.5598
0.8744 -0.1200 1.5598
0.8744 -0.1200 1.5598
0.8744 -0.1200 1.5598
0.8744 -0.1200 1.5598
0.8744 -0.1200 1.5598
0.8744 -0.1200 1.5598
0.8744 -0.1200 1.5598
0.8744 -0.1200 1.5598
0.8744 -0.1200 1.5598
0.8744 -0.1200 1.5598
0.8744 -0.1200 1.5598
0.8794 -0.1154 1.5645
0.8856 -0.1097 1.5705
0.8933 -0.1026 1.5780
0.9027 -0.0943 1.5871
0.9137 -0.0847 1.5978
0.9265 -0.0742 1.6102
0.9412 -0.0629 1.6244
0.9576 -0.0515 1.6404
0.9755 -0.0408 1.6577
0.9942 -0.0314 1.6760
1.0131 -0.0239 1.6944
1.0318 -0.0185 1.7126
1.0497 -0.0150 1.7301
1.0666 -0.0133 1.7466
1.0819 -0.0128 1.7616
1.0960 -0.0095 1.7753
1.1099 -0.0066 1.7889
1.1237 -0.0041 1.8023
1.1373 -0.0020 1.8156
1.1504 -0.0003 1.8284
1.1633 0.0009 1.8410
1.1758 0.0017 1.8532
1.1923 0.0064 1.8693
1.2093 0.0099 1.8859
1.2263 0.0120 1.9025
1.2428 0.0122 1.9186
1.2582 0.0101 1.9337
1.2720 0.0058 1.9472
1.2837 -0.0002 1.9588
1.2933 -0.0076 1.9682
1.3005 -0.0156 1.9753
1.3054 -0.0236 1.9801
1.3079 -0.0309 1.9826
1.3089 -0.0380 1.9836
1.3083 -0.0450 1.9830
1.3051 -0.0530 1.9800
1.3051 -0.0530 1.9800
1.3053 -0.0532 1.9801
1.3057 -0.0535 1.9805
1.3063 -0.0541 1.9812
1.3073 -0.0549 1.9821
1.3084 -0.0559 1.9833
1.3099 -0.0572 1.9848
1.3116 -0.0586 1.9865
1.3135 -0.0604 1.9885
1.3157 -0.0623 1.9907
1.3181 -0.0645 1.9931
1.3208 -0.0669 1.9959
1.3237 -0.0696 1.9988
1.3269 -0.0724 2.0020
1.3302 -0.0756 2.0054
1.3338 -0.0790 2.0090
1.3377 -0.0826 2.0129
1.3417 -0.0865 2.0170
1.3459 -0.0907 2.0213
1.3504 -0.0951 2.0258
1.3551 -0.0998 2.0306
1.3599 -0.1047 2.0355
1.3650 -0.1100 2.0406
1.3702 -0.1155 2.0459
1.3756 -0.1213 2.0514
1.3812 -0.1274 2.0571
1.3870 -0.1338 2.0630
1.3929 -0.1405 2.0690
1.3990 -0.1475 2.0752
1.4052 -0.1548 2.0815
1.4116 -0.1625 2.0880
1.4181 -0.1705 2.0946
1.4248 -0.1788 2.1014
1.4315 -0.1874 2.1083
1.4384 -0.1964 2.1153
1.4454 -0.2058 2.1224
1.4525 -0.2155 2.1296
1.4596 -0.2256 2.1369
1.4668 -0.2360 2.1443
1.4742 -0.2468 2.1517
1.4815 -0.2580 2.1592
1.4889 -0.2696 2.1668
1.4964 -0.2816 2.1744
1.5039 -0.2939 2.1821
1.5114 -0.3067 2.1898
1.5189 -0.3198 2.1975
1.5265 -0.3334 2.2052
1.5340 -0.3473 2.2129
1.5415 -0.3617 2.2206
1.5489 -0.3765 2.2283
1.5564 -0.3917 2.2360
1.5637 -0.4074 2.2435
1.5710 -0.4234 2.2511
1.5782 -0.4399 2.2585
1.5854 -0.4568 2.2659
1.5924 -0.4742 2.2732
1.5993 -0.4919 2.2804
1.6061 -0.5101 2.2874
1.6128 -0.5287 2.2943
1.6193 -0.5477 2.3011
1.6256 -0.5672 2.3077
1.6318 -0.5871 2.3141
1.6377 -0.6073 2.3204
1.6435 -0.6280 2.3265
1.6491 -0.6491 2.3323
1.6544 -0.6706 2.3380
1.6595 -0.6925 2.3434
1.6643 -0.7148 2.3485
1.6689 -0.7375 2.3534
1.6731 -0.7606 2.3580
1.6771 -0.7840 2.3623
1.6808 -0.8078 2.3663
1.6842 -0.8319 2.3701
1.6872 -0.8564 2.3734
1.6899 -0.8812 2.3765
1.6922 -0.9063 2.3792
1.6942 -0.9317 2.3815
1.6958 -0.9574 2.3835
1.6970 -0.9834 2.3850
1.6978 -1.0097 2.3862
1.6981 -1.0362 2.3870
1.6981 -1.0629 2.3873
1.6976 -1.0899 2.3872
1.6967 -1.1170 2.3867
1.6953 -1.1444 2.3857
1.6934 -1.1719 2.3842
1.6911 -1.1995 2.3823
1.6883 -1.2273 2.3799
1.6850 -1.2552 2.3770
1.6812 -1.2831 2.3736
1.6769 -1.3112 2.3697
1.6721 -1.3392 2.3653
1.6667 -1.3673 2.3604
1.6609 -1.3954 2.3549
1.6545 -1.4234 2.3489
1.6475 -1.4514 2.3424
1.6401 -1.4793 2.3353
1.6321 -1.5071 2.3277
1.6235 -1.5347 2.3196
1.6144 -1.5623 2.3108
1.6047 -1.5896 2.3016
1.5945 -1.6167 2.2918
1.5837 -1.6436 2.2814
1.5724 -1.6702 2.2705
1.5606 -1.6965 2.2590
1.5481 -1.7226 2.2470
1.5352 -1.7482 2.2344
1.5217 -1.7735 2.2213
1.5077 -1.7984 2.2076
1.4931 -1.8229 2.1934
1.4780 -1.8469 2.1786
1.4624 -1.8705 2.1634
1.4462 -1.8935 2.1476
1.4296 -1.9160 2.1313
1.4125 -1.9379 2.1145
1.3949 -1.9592 2.0972
1.3768 -1.9800 2.0794
1.3582 -2.0000 2.0611
1.3392 -2.0194 2.0424
1.3197 -2.0382 2.0232
1.2999 -2.0562 2.0036
1.2796 -2.0734 1.9836
1.2589 -2.0899 1.9632
1.2378 -2.1056 1.9423
1.2163 -2.1206 1.9211
1.1945 -2.1346 1.8995
1.1724 -2.1479 1.8776
1.1499 -2.1602 1.8553
1.1272 -2.1717 1.8327
1.1042 -2.1822 1.8099
1.0809 -2.1919 1.7868
1.0574 -2.2006 1.7634
1.0336 -2.2083 1.7397
1.0097 -2.2151 1.7159
0.9856 -2.2209 1.6919
0.9613 -2.2257 1.6677
0.9369 -2.2295 1.6434
0.9124 -2.2323 1.6189
0.8878 -2.2341 1.5944
0.8631 -2.2348 1.5698
0.8384 -2.2345 1.5451
0.8137 -2.2332 1.5204
0.7890 -2.2308 1.4956
0.7644 -2.2274 1.4709
0.7398 -2.2229 1.4463
0.7152 -2.2174 1.4217
0.6908 -2.2108 1.3972
0.6665 -2.2032 1.3728
0.6424 -2.1946 1.3486
0.6184 -2.1849 1.3245
0.5947 -2.1742 1.3006
0.5712 -2.1625 1.2769
0.5479 -2.1498 1.2535
0.5249 -2.1360 1.2303
0.5022 -2.1213 1.2074
0.4798 -2.1056 1.1848
0.4578 -2.0890 1.1625
0.4361 -2.0714 1.1406
0.4148 -2.0529 1.1191
0.3939 -2.0335 1.0979
0.3735 -2.0132 1.0772
0.3535 -1.9920 1.0569
0.3339 -1.9700 1.0371
0.3149 -1.9471 1.0177
0.2964 -1.9235 0.9988
0.2783 -1.8990 0.9805
0.2609 -1.8738 0.9627
0.2440 -1.8479 0.9454
0.2276 -1.8213 0.9287
0.2119 -1.7940 0.9125
0.1967 -1.7660 0.8970
0.1822 -1.7375 0.8821
0.1683 -1.7083 0.8677
0.1550 -1.6786 0.8541
0.1424 -1.6484 0.8410
0.1305 -1.6177 0.8287
0.1192 -1.5865 0.8169
0.1086 -1.5548 0.8059
0.0987 -1.5228 0.7956
0.0895 -1.4904 0.7859
0.0810 -1.4577 0.7769
0.0732 -1.4247 0.7687
0.0662 -1.3914 0.7611
0.0598 -1.3579 0.7542
0.0541 -1.3241 0.7481
0.0492 -1.2902 0.7427
0.0450 -1.2562 0.7380
0.0415 -1.2221 0.7340
0.0387 -1.1879 0.7307
0.0366 -1.1537 0.7281
0.0353 -1.1194 0.7263
0.0346 -1.0853 0.7251
0.0347 -1.0511 0.7247
0.0354 -1.0171 0.7249
0.0368 -0.9832 0.7259
0.0390 -0.9494 0.7275
0.0418 -0.9159 0.7298
0.0452 -0.8825 0.7328
0.0494 -0.8494 0.7365
0.0541 -0.8166 0.7408
0.0595 -0.7840 0.7457
0.0656 -0.7518 0.7513
0.0722 -0.7200 0.7575
0.0795 -0.6885 0.7643
0.0873 -0.6575 0.7717
0.0958 -0.6268 0.7796
0.1048 -0.5966 0.7882
0.1143 -0.5669 0.7973
0.1244 -0.5377 0.8069
0.1349 -0.5090 0.8171
0.1460 -0.4808 0.8278
0.1576 -0.4532 0.8389
0.1696 -0.4261 0.8506
0.1821 -0.3996 0.8627
0.1951 -0.3737 0.8752
0.2084 -0.3485 0.8882
0.2222 -0.3238 0.9016
0.2363 -0.2998 0.9153
0.2508 -0.2764 0.9295
0.2656 -0.2537 0.9440
0.2808 -0.2317 0.9588
0.2963 -0.2103 0.9740
0.3120 -0.1896 0.9895
0.3281 -0.1697 1.0052
0.3444 -0.1504 1.0212
0.3609 -0.1317 1.0375
0.3777 -0.1138 1.0540
0.3946 -0.0966 1.0707
0.4118 -0.0801 1.0876
0.4291 -0.0643 1.1047
0.4466 -0.0493 1.1219
0.4642 -0.0349 1.1393
0.4819 -0.0212 1.1568
0.4997 -0.0082 1.1744
0.5175 0.0041 1.1921
0.5355 0.0158 1.2098
0.5535 0.0267 1.2277
0.5715 0.0370 1.2455
0.5896 0.0466 1.2634
0.6076 0.0555 1.2813
0.6257 0.0638 1.2993
0.6437 0.0714 1.3171
0.6617 0.0785 1.3350
0.6796 0.0848 1.3528
0.6974 0.0906 1.3706
0.7152 0.0958 1.3883
0.7329 0.1004 1.4059
0.7504 0.1044 1.4234
0.7679 0.1079 1.4408
0.7852 0.1108 1.4580
0.8024 0.1132 1.4752
0.8194 0.1150 1.4922
0.8363 0.1164 1.5090
0.8530 0.1172 1.5257
0.8696 0.1176 1.5422
0.8859 0.1175 1.5586
0.9021 0.1170 1.5747
0.9180 0.1161 1.5907
0.9338 0.1147 1.6064
0.9493 0.1129 1.6220
0.9646 0.1108 1.6373
0.9797 0.1082 1.6524
0.9945 0.1054 1.6673
1.0092 0.1022 1.6820
1.0235 0.0987 1.6964
1.0376 0.0949 1.7105
1.0515 0.0908 1.7244
1.0651 0.0864 1.7381
1.0785 0.0818 1.7515
1.0915 0.0769 1.7647
1.1044 0.0718 1.7775
1.1169 0.0666 1.7902
1.1292 0.0611 1.8025
1.1412 0.0555 1.8146
1.1530 0.0497 1.8264
1.1644 0.0438 1.8380
1.1756 0.0377 1.8493
1.1865 0.0316 1.8603
1.1972 0.0253 1.8710
1.2076 0.0190 1.8814
1.2177 0.0126 1.8916
1.2275 0.0062 1.9015
1.2370 -0.0003 1.9112
1.2463 -0.0068 1.9205
1.2553 -0.0133 1.9296
1.2640 -0.0198 1.9384
1.2725 -0.0263 1.9470
1.2807 -0.0327 1.9553
1.2886 -0.0391 1.9633
1.2963 -0.0455 1.9710
1.3036 -0.0517 1.9785
1.3108 -0.0579 1.9857
1.3176 -0.0640 1.9927
1.3243 -0.0700 1.9993
1.3306 -0.0759 2.0058
1.3367 -0.0817 2.0120
1.3425 -0.0873 2.0179
1.3481 -0.0928 2.0235
1.3535 -0.0981 2.0289
1.3585 -0.1033 2.0341
1.3634 -0.1083 2.0390
1.3680 -0.1131 2.0437
1.3723 -0.1177 2.0481
1.3765 -0.1222 2.0523
1.3803 -0.1264 2.0562
1.3840 -0.1304 2.0599
1.3874 -0.1342 2.0633
1.3905 -0.1377 2.0665
1.3934 -0.1411 2.0695
1.3961 -0.1441 2.0722
1.3986 -0.1470 2.0747
1.4008 -0.1496 2.0770
1.4028 -0.1519 2.0790
1.4045 -0.1540 2.0808
1.4061 -0.1558 2.0823
1.4073 -0.1573 2.0837
1.4084 -0.1586 2.0847
1.4092 -0.1596 2.0856
1.4098 -0.1603 2.0862
1.4102 -0.1607 2.0865
1.4103 -0.1609 2.0866
1.4103 -0.1609 2.0866
1.4103 -0.1609 2.0866
1.4103 -0.1609 2.0866
1.4103 -0.1609 2.0866
1.4103 -0.1609 2.0866
1.4103 -0.1609 2.0866
1.4103 -0.1609 2.0866
1.4103 -0.1609 2.0866
1.4103 -0.1609 2.0866
1.4103 -0.1609 2.0866
1.4103 -0.1609 2.0866
1.4103 -0.1609 2.0866
1.4103 -0.1609 2.0866
1.4103 -0.1609 2.0866
1.4103 -0.1609 2.0866
1.4103 -0.1609 2.0866
1.4103 -0.1609 2.0866
1.4103 -0.1609 2.0866
1.4103 -0.1609 2.0866
1.4103 -0.1609 2.0866
1.4103 -0.1609 2.0866
1.4103 -0.1609 2.0866
1.4103 -0.1609 2.0866
1.4103 -0.1609 2.0866
1.4103 -0.1609 2.0866
1.4103 -0.1609 2.0866
1.4103 -0.1609 2.0866
1.4103 -0.1609 2.0866
1.4103 -0.1609 2.0866
1.4103 -0.1609 2.0866
1.4129 -0.1563 2.0801
1.4164 -0.1509 2.0715
1.4210 -0.1446 2.0604
1.4270 -0.1381 2.0466
1.4339 -0.1319 2.0297
1.4413 -0.1268 2.0097
1.4488 -0.1232 1.9864
1.4554 -0.1217 1.9600
1.4606 -0.1225 1.9314
1.4640 -0.1252 1.9014
1.4654 -0.1295 1.8704
1.4648 -0.1351 1.8390
1.4623 -0.1418 1.8075
1.4582 -0.1494 1.7759
1.4528 -0.1577 1.7444
1.4510 -0.1620 1.7170
1.4487 -0.1670 1.6889
1.4459 -0.1724 1.6601
1.4426 -0.1785 1.6307
1.4387 -0.1850 1.6008
1.4343 -0.1921 1.5705
1.4295 -0.1997 1.5402
1.4242 -0.2077 1.5099
1.4184 -0.2161 1.4797
1.4121 -0.2249 1.4498
1.4053 -0.2340 1.4201
1.3981 -0.2434 1.3910
1.3904 -0.2529 1.3625
1.3824 -0.2626 1.3347
1.3740 -0.2722 1.3079
1.3655 -0.2818 1.2819
1.3568 -0.2912 1.2570
1.3480 -0.3004 1.2331
1.3392 -0.3093 1.2104
1.3284 -0.3202 1.1824
1.3172 -0.3310 1.1555
1.3059 -0.3415 1.1297
1.2950 -0.3515 1.1051
1.2848 -0.3611 1.0818
1.2752 -0.3699 1.0602
1.2667 -0.3778 1.0409
1.2594 -0.3846 1.0242
1.2532 -0.3902 1.0104
1.2480 -0.3951 0.9984
1.2433 -0.3994 0.9879
1.2396 -0.4028 0.9795
1.2366 -0.4056 0.9727
1.2334 -0.4086 0.9654
1.2334 -0.4086 0.9654
1.2334 -0.4086 0.9654
1.2334 -0.4086 0.9654
1.2334 -0.4086 0.9654
1.2334 -0.4086 0.9654
1.2334 -0.4086 0.9654
1.2334 -0.4086 0.9654
1.2334 -0.4086 0.9654
1.2334 -0.4086 0.9654
1.2334 -0.4086 0.9654
1.2334 -0.4086 0.9654
1.2334 -0.4086 0.9654
1.2334 -0.4086 0.9654
1.2334 -0.4086 0.9654
1.2334 -0.4086 0.9654
1.2334 -0.4086 0.9654
1.2334 -0.4086 0.9654
1.2334 -0.4086 0.9654
1.2334 -0.4086 0.9654
1.2334 -0.4086 0.9654
1.2334 -0.4086 0.9654
1.2334 -0.4086 0.9654
1.2334 -0.4086 0.9654
1.2334 -0.4086 0.9654
1.2334 -0.4086 0.9654
1.2334 -0.4086 0.9654
1.2334 -0.4086 0.9654
1.2334 -0.4086 0.9654
1.2334 -0.4086 0.9654
1.2334 -0.4086 0.9654
1.2334 -0.4086 0.9654
1.2334 -0.4086 0.9654
1.2334 -0.4086 0.9654
1.2334 -0.4086 0.9654
1.2334 -0.4086 0.9654
1.2334 -0.4086 0.9654
1.2334 -0.4086 0.9654
1.2334 -0.4086 0.9654
1.2334 -0.4086 0.9654
1.2334 -0.4086 0.9654
1.2334 -0.4086 0.9654
1.2334 -0.4086 0.9654
1.2334 -0.4086 0.9654
1.2334 -0.4086 0.9654
1.2334 -0.4086 0.9654
1.2334 -0.4086 0.9654
1.2334 -0.4086 0.9654
1.2334 -0.4086 0.9654
1.2334 -0.4086 0.9654
1.2334 -0.4086 0.9654
1.2334 -0.4086 0.9654
1.2334 -0.4086 0.9654
1.2334 -0.4086 0.9654
1.2334 -0.4086 0.9654
1.2334 -0.4086 0.9654
1.2334 -0.4086 0.9654
1.2334 -0.4086 0.9654
1.2334 -0.4086 0.9654
1.2334 -0.4086 0.9654
1.2334 -0.4086 0.9654
1.2334 -0.4086 0.9654
1.2334 -0.4086 0.9654
1.2334 -0.4086 0.9654
1.2334 -0.4086 0.9654
1.2334 -0.4086 0.9654
1.2334 -0.4086 0.9654
1.2334 -0.4086 0.9654
1.2334 -0.4086 0.9654
1.2334 -0.4086 0.9654
1.2334 -0.4086 0.9654
1.2334 -0.4086 0.9654
1.2334 -0.4086 0.9654
1.2334 -0.4086 0.9654
1.2334 -0.4086 0.9654
1.2334 -0.4086 0.9654
1.2334 -0.4086 0.9654
1.2334 -0.4086 0.9654
1.2334 -0.4086 0.9654
1.2334 -0.4086 0.9654
1.2334 -0.4086 0.9654
1.2334 -0.4086 0.9654
1.2334 -0.4086 0.9654
1.2334 -0.4086 0.9654
1.2334 -0.4086 0.9654
1.2334 -0.4086 0.9654
1.2334 -0.4086 0.9654
1.2334 -0.4086 0.9654
1.2334 -0.4086 0.9654
1.2334 -0.4086 0.9654
1.2334 -0.4086 0.9654
1.2334 -0.4086 0.9654
1.2334 -0.4086 0.9654
1.2334 -0.4086 0.9654
1.2334 -0.4086 0.9654
1.2334 -0.4086 0.9654
1.2334 -0.4086 0.9654
1.2334 -0.4086 0.9654
1.2334 -0.4086 0.9654
1.2334 -0.4086 0.9654
1.2334 -0.4086 0.9654
1.2334 -0.4081 0.9659
1.2334 -0.4073 0.9669
1.2334 -0.4062 0.9681
1.2335 -0.4048 0.9698
1.2335 -0.4031 0.9717
1.2335 -0.4011 0.9741
1.2335 -0.3988 0.9768
1.2336 -0.3963 0.9799
1.2336 -0.3934 0.9833
1.2337 -0.3903 0.9871
1.2337 -0.3869 0.9912
1.2338 -0.3833 0.9957
1.2338 -0.3793 1.0006
1.2339 -0.3752 1.0058
1.2340 -0.3708 1.0114
1.2340 -0.3662 1.0174
1.2341 -0.3613 1.0238
1.2342 -0.3563 1.0305
1.2342 -0.3510 1.0376
1.2343 -0.3456 1.0451
1.2344 -0.3400 1.0529
1.2345 -0.3342 1.0612
1.2346 -0.3282 1.0698
1.2347 -0.3221 1.0788
1.2347 -0.3159 1.0883
1.2348 -0.3095 1.0981
1.2349 -0.3031 1.1083
1.2350 -0.2965 1.1189
1.2351 -0.2898 1.1300
1.2352 -0.2831 1.1414
1.2353 -0.2763 1.1532
1.2354 -0.2695 1.1655
1.2355 -0.2626 1.1782
1.2356 -0.2557 1.1913
1.2357 -0.2488 1.2048
1.2358 -0.2420 1.2187
1.2359 -0.2351 1.2331
1.2360 -0.2284 1.2478
1.2361 -0.2216 1.2630
1.2362 -0.2150 1.2786
1.2363 -0.2085 1.2947
1.2364 -0.2020 1.3111
1.2365 -0.1958 1.3280
1.2366 -0.1896 1.3453
1.2367 -0.1836 1.3631
1.2367 -0.1779 1.3812
1.2368 -0.1723 1.3997
1.2369 -0.1669 1.4187
1.2370 -0.1618 1.4380
1.2370 -0.1569 1.4578
1.2371 -0.1524 1.4780
1.2372 -0.1481 1.4985
1.2372 -0.1441 1.5194
1.2373 -0.1405 1.5407
1.2373 -0.1372 1.5624
1.2374 -0.1343 1.5844
1.2374 -0.1318 1.6068
1.2374 -0.1296 1.6295
1.2375 -0.1280 1.6526
1.2375 -0.1267 1.6759
1.2375 -0.1260 1.6996
1.2375 -0.1257 1.7236
1.2375 -0.1259 1.7478
1.2375 -0.1266 1.7724
1.2375 -0.1279 1.7971
1.2374 -0.1297 1.8222
1.2374 -0.1321 1.8474
1.2374 -0.1350 1.8728
1.2373 -0.1386 1.8985
1.2372 -0.1428 1.9243
1.2372 -0.1476 1.9502
1.2371 -0.1530 1.9763
1.2370 -0.1591 2.0025
1.2369 -0.1659 2.0288
1.2368 -0.1733 2.0551
1.2367 -0.1815 2.0815
1.2366 -0.1903 2.1080
1.2364 -0.1998 2.1344
1.2363 -0.2101 2.1608
1.2361 -0.2211 2.1871
1.2359 -0.2329 2.2134
1.2358 -0.2454 2.2395
1.2356 -0.2586 2.2656
1.2354 -0.2726 2.2915
1.2352 -0.2873 2.3172
1.2349 -0.3028 2.3427
1.2347 -0.3191 2.3680
1.2345 -0.3361 2.3930
1.2342 -0.3539 2.4177
1.2339 -0.3725 2.4421
1.2337 -0.3918 2.4661
1.2334 -0.4119 2.4898
1.2331 -0.4327 2.5130
1.2327 -0.4542 2.5358
1.2324 -0.4765 2.5582
1.2321 -0.4996 2.5800
1.2318 -0.5233 2.6014
1.2314 -0.5478 2.6222
1.2310 -0.5729 2.6424
1.2307 -0.5987 2.6620
1.2303 -0.6252 2.6809
1.2299 -0.6523 2.6992
1.2295 -0.6801 2.7169
1.2291 -0.7085 2.7337
1.2287 -0.7375 2.7499
1.2282 -0.7671 2.7653
1.2278 -0.7972 2.7799
1.2274 -0.8278 2.7936
1.2269 -0.8590 2.8066
1.2264 -0.8907 2.8186
1.2260 -0.9228 2.8298
1.2255 -0.9553 2.8401
1.2250 -0.9882 2.8495
1.2246 -1.0216 2.8579
1.2241 -1.0552 2.8653
1.2236 -1.0892 2.8718
1.2231 -1.1235 2.8772
1.2226 -1.1580 2.8817
1.2221 -1.1927 2.8851
1.2216 -1.2276 2.8875
1.2211 -1.2627 2.8888
1.2206 -1.2979 2.8891
1.2201 -1.3331 2.8884
1.2195 -1.3685 2.8865
1.2190 -1.4038 2.8836
1.2185 -1.4391 2.8795
1.2180 -1.4743 2.8744
1.2175 -1.5094 2.8683
1.2170 -1.5444 2.8610
1.2165 -1.5792 2.8526
1.2160 -1.6138 2.8432
1.2155 -1.6482 2.8326
1.2150 -1.6822 2.8210
1.2145 -1.7160 2.8084
1.2140 -1.7493 2.7946
1.2136 -1.7823 2.7799
1.2131 -1.8148 2.7641
1.2126 -1.8469 2.7472
1.2122 -1.8785 2.7294
1.2117 -1.9095 2.7106
1.2113 -1.9399 2.6908
1.2109 -1.9697 2.6700
1.2104 -1.9989 2.6483
1.2100 -2.0274 2.6257
1.2096 -2.0552 2.6022
1.2092 -2.0823 2.5778
1.2089 -2.1086 2.5526
1.2085 -2.1341 2.5266
1.2081 -2.1587 2.4998
1.2078 -2.1826 2.4722
1.2075 -2.2055 2.4439
1.2071 -2.2276 2.4149
1.2068 -2.2487 2.3853
1.2065 -2.2689 2.3550
1.2063 -2.2881 2.3240
1.2060 -2.3063 2.2926
1.2057 -2.3235 2.2605
1.2055 -2.3397 2.2280
1.2053 -2.3549 2.1950
1.2051 -2.3690 2.1616
1.2049 -2.3821 2.1278
1.2047 -2.3940 2.0937
1.2046 -2.4050 2.0592
1.2044 -2.4148 2.0244
1.2043 -2.4235 1.9894
1.2042 -2.4311 1.9542
1.2041 -2.4376 1.9189
1.2040 -2.4431 1.8834
1.2040 -2.4474 1.8478
1.2039 -2.4506 1.8122
1.2039 -2.4527 1.7765
1.2039 -2.4537 1.7409
1.2039 -2.4536 1.7053
1.2039 -2.4525 1.6698
1.2039 -2.4502 1.6344
1.2040 -2.4469 1.5993
1.2040 -2.4426 1.5643
1.2041 -2.4372 1.5295
1.2042 -2.4307 1.4950
1.2043 -2.4233 1.4609
1.2044 -2.4148 1.4270
1.2046 -2.4054 1.3935
1.2047 -2.3950 1.3604
1.2049 -2.3836 1.3278
1.2051 -2.3714 1.2956
1.2052 -2.3582 1.2639
1.2055 -2.3441 1.2327
1.2057 -2.3292 1.2020
1.2059 -2.3135 1.1719
1.2061 -2.2969 1.1423
1.2064 -2.2796 1.1134
1.2066 -2.2615 1.0851
1.2069 -2.2427 1.0574
1.2072 -2.2231 1.0304
1.2075 -2.2029 1.0041
1.2078 -2.1821 0.9785
1.2081 -2.1606 0.9536
1.2084 -2.1385 0.9294
1.2087 -2.1159 0.9060
1.2091 -2.0927 0.8833
1.2094 -2.0691 0.8614
1.2098 -2.0449 0.8402
1.2101 -2.0203 0.8199
1.2105 -1.9954 0.8003
1.2109 -1.9700 0.7815
1.2112 -1.9443 0.7635
1.2116 -1.9182 0.7463
1.2120 -1.8919 0.7299
1.2124 -1.8653 0.7143
1.2128 -1.8384 0.6995
1.2131 -1.8114 0.6855
1.2135 -1.7841 0.6723
1.2139 -1.7568 0.6599
1.2143 -1.7293 0.6483
1.2147 -1.7017 0.6375
1.2151 -1.6740 0.6274
1.2155 -1.6463 0.6181
1.2159 -1.6186 0.6096
1.2163 -1.5909 0.6018
1.2167 -1.5632 0.5947
1.2171 -1.5356 0.5884
1.2175 -1.5080 0.5828
1.2179 -1.4806 0.5779
1.2183 -1.4533 0.5737
1.2187 -1.4261 0.5702
1.2191 -1.3991 0.5673
1.2195 -1.3723 0.5651
1.2199 -1.3457 0.5635
1.2203 -1.3193 0.5625
1.2206 -1.2931 0.5622
1.2210 -1.2672 0.5624
1.2214 -1.2416 0.5632
1.2217 -1.2163 0.5645
1.2221 -1.1913 0.5663
1.2225 -1.1666 0.5687
1.2228 -1.1422 0.5716
1.2232 -1.1181 0.5749
1.2235 -1.0945 0.5787
1.2238 -1.0711 0.5829
1.2242 -1.0482 0.5875
1.2245 -1.0256 0.5925
1.2248 -1.0034 0.5979
1.2251 -0.9816 0.6037
1.2254 -0.9603 0.6097
1.2257 -0.9393 0.6161
1.2260 -0.9187 0.6228
1.2263 -0.8986 0.6298
1.2266 -0.8789 0.6370
1.2269 -0.8596 0.6445
1.2272 -0.8408 0.6522
1.2274 -0.8224 0.6601
1.2277 -0.8044 0.6681
1.2279 -0.7868 0.6764
1.2282 -0.7697 0.6847
1.2284 -0.7531 0.6932
1.2287 -0.7368 0.7018
1.2289 -0.7210 0.7105
1.2291 -0.7057 0.7192
1.2293 -0.6907 0.7280
1.2295 -0.6763 0.7369
1.2297 -0.6622 0.7457
1.2299 -0.6486 0.7546
1.2301 -0.6353 0.7634
1.2303 -0.6226 0.7722
1.2305 -0.6102 0.7810
1.2307 -0.5982 0.7897
1.2308 -0.5867 0.7983
1.2310 -0.5755 0.8069
1.2312 -0.5648 0.8153
1.2313 -0.5545 0.8237
1.2314 -0.5445 0.8318
1.2316 -0.5350 0.8399
1.2317 -0.5258 0.8478
1.2318 -0.5170 0.8555
1.2320 -0.5086 0.8631
1.2321 -0.5005 0.8704
1.2322 -0.4928 0.8775
1.2323 -0.4855 0.8845
1.2324 -0.4786 0.8912
1.2325 -0.4719 0.8977
1.2326 -0.4657 0.9039
1.2327 -0.4598 0.9099
1.2327 -0.4542 0.9156
1.2328 -0.4489 0.9210
1.2329 -0.4440 0.9262
1.2330 -0.4395 0.9310
1.2330 -0.4352 0.9356
1.2331 -0.4313 0.9399
1.2331 -0.4277 0.9438
1.2332 -0.4244 0.9475
1.2332 -0.4214 0.9508
1.2333 -0.4187 0.9538
1.2333 -0.4164 0.9564
1.2333 -0.4144 0.9587
1.2333 -0.4126 0.9607
1.2334 -0.4112 0.9623
1.2334 -0.4101 0.9636
1.2334 -0.4093 0.9645
1.2334 -0.4089 0.9650
1.2334 -0.4087 0.9652
1.2334 -0.4087 0.9652
1.2405 -0.4111 0.9689
1.2493 -0.4141 0.9735
1.2605 -0.4179 0.9793
1.2739 -0.4225 0.9863
1.2897 -0.4278 0.9945
1.3078 -0.4340 1.0039
1.3283 -0.4409 1.0146
1.3510 -0.4487 1.0264
1.3754 -0.4569 1.0391
1.4012 -0.4654 1.0521
1.4283 -0.4737 1.0646
1.4567 -0.4814 1.0761
1.4860 -0.4885 1.0864
1.5161 -0.4952 1.0960
1.5466 -0.5018 1.1050
1.5725 -0.5082 1.1142
1.5993 -0.5149 1.1235
1.6267 -0.5217 1.1332
1.6549 -0.5287 1.1431
1.6835 -0.5360 1.1533
1.7126 -0.5435 1.1638
1.7419 -0.5512 1.1747
1.7712 -0.5590 1.1858
1.8006 -0.5669 1.1972
1.8297 -0.5749 1.2089
1.8585 -0.5829 1.2207
1.8868 -0.5909 1.2325
1.9144 -0.5987 1.2444
1.9413 -0.6064 1.2562
1.9673 -0.6139 1.2680
1.9924 -0.6212 1.2795
2.0165 -0.6283 1.2909
2.0396 -0.6352 1.3020
2.0616 -0.6418 1.3128
2.0825 -0.6483 1.3233
2.1022 -0.6547 1.3335
2.1206 -0.6610 1.3435
2.1377 -0.6673 1.3532
2.1537 -0.6734 1.3627
2.1769 -0.6803 1.3730
2.1983 -0.6876 1.3844
2.2178 -0.6953 1.3967
2.2348 -0.7032 1.4100
2.2491 -0.7110 1.4238
2.2603 -0.7185 1.4376
2.2683 -0.7251 1.4508
2.2733 -0.7307 1.4629
2.2755 -0.7354 1.4734
2.2759 -0.7397 1.4824
2.2745 -0.7438 1.4897
2.2718 -0.7477 1.4953
2.2677 -0.7518 1.4990
2.2612 -0.7577 1.4999
2.2612 -0.7577 1.4999
2.2612 -0.7577 1.4999
2.2612 -0.7577 1.4999
2.2612 -0.7577 1.4999
2.2612 -0.7577 1.4999
2.2612 -0.7577 1.4999
2.2612 -0.7577 1.4999
2.2612 -0.7577 1.4999
2.2612 -0.7577 1.4999
2.2612 -0.7577 1.4999
2.2612 -0.7577 1.5004
2.2612 -0.7577 1.5019
2.2612 -0.7578 1.5043
2.2612 -0.7578 1.5076
2.2612 -0.7579 1.5119
2.2612 -0.7580 1.5170
2.2612 -0.7583 1.5230
2.2612 -0.7586 1.5300
2.2612 -0.7592 1.5377
2.2612 -0.7599 1.5463
2.2612 -0.7609 1.5557
2.2612 -0.7621 1.5660
2.2612 -0.7637 1.5769
2.2612 -0.7657 1.5887
2.2612 -0.7681 1.6011
2.2612 -0.7710 1.6142
2.2612 -0.7744 1.6280
2.2612 -0.7785 1.6424
2.2612 -0.7831 1.6573
2.2612 -0.7885 1.6727
2.2612 -0.7947 1.6886
2.2612 -0.8017 1.7049
2.2612 -0.8095 1.7215
2.2612 -0.8183 1.7385
2.2612 -0.8280 1.7556
2.2612 -0.8388 1.7728
2.2612 -0.8505 1.7901
2.2612 -0.8634 1.8074
2.2612 -0.8774 1.8245
2.2612 -0.8925 1.8414
2.2612 -0.9087 1.8580
2.2612 -0.9261 1.8742
2.2612 -0.9447 1.8898
2.2612 -0.9644 1.9049
2.2612 -0.9853 1.9192
2.2612 -1.0073 1.9327
2.2612 -1.0303 1.9452
2.2612 -1.0544 1.9567
2.2612 -1.0795 1.9671
2.2612 -1.1055 1.9762
2.2612 -1.1324 1.9840
2.2612 -1.1601 1.9903
2.2612 -1.1885 1.9951
2.2612 -1.2175 1.9983
2.2612 -1.2469 1.9998
2.2612 -1.2768 1.9996
2.2612 -1.3069 1.9975
2.2612 -1.3372 1.9936
2.2612 -1.3674 1.9878
2.2612 -1.3975 1.9800
2.2612 -1.4273 1.9703
2.2612 -1.4567 1.9586
2.2612 -1.4855 1.9450
2.2612 -1.5136 1.9295
2.2612 -1.5408 1.9121
2.2612 -1.5670 1.8928
2.2612 -1.5921 1.8717
2.2612 -1.6158 1.8490
2.2612 -1.6381 1.8245
2.2612 -1.6588 1.7986
2.2612 -1.6778 1.7712
2.2612 -1.6950 1.7425
2.2612 -1.7102 1.7127
2.2612 -1.7235 1.6818
2.2612 -1.7347 1.6499
2.2612 -1.7438 1.6174
2.2612 -1.7506 1.5843
2.2612 -1.7552 1.5507
2.2612 -1.7575 1.5169
2.2612 -1.7575 1.4830
2.2612 -1.7552 1.4492
2.2612 -1.7506 1.4156
2.2612 -1.7438 1.3825
2.2612 -1.7347 1.3500
2.2612 -1.7235 1.3181
2.2612 -1.7102 1.2872
2.2612 -1.6950 1.2574
2.2612 -1.6778 1.2287
2.2612 -1.6588 1.2013
2.2612 -1.6381 1.1754
2.2612 -1.6158 1.1509
2.2612 -1.5921 1.1282
2.2612 -1.5670 1.1071
2.2612 -1.5408 1.0878
2.2612 -1.5136 1.0704
2.2612 -1.4855 1.0549
2.2612 -1.4567 1.0413
2.2612 -1.4273 1.0296
2.2612 -1.3975 1.0199
2.2612 -1.3674 1.0121
2.2612 -1.3372 1.0063
2.2612 -1.3069 1.0024
2.2612 -1.2768 1.0003
2.2612 -1.2469 1.0001
2.2612 -1.2175 1.0016
2.2612 -1.1885 1.0048
2.2612 -1.1601 1.0096
2.2612 -1.1324 1.0159
2.2612 -1.1055 1.0237
2.2612 -1.0795 1.0328
2.2612 -1.0544 1.0432
2.2612 -1.0303 1.0547
2.2612 -1.0073 1.0672
2.2612 -0.9853 1.0807
2.2612 -0.9644 1.0950
2.2612 -0.9447 1.1101
2.2612 -0.9261 1.1257
2.2612 -0.9087 1.1419
2.2612 -0.8925 1.1585
2.2612 -0.8774 1.1754
2.2612 -0.8634 1.1925
2.2612 -0.8505 1.2098
2.2612 -0.8388 1.2271
2.2612 -0.8280 1.2443
2.2612 -0.8183 1.2614
2.2612 -0.8095 1.2784
2.2612 -0.8017 1.2950
2.2612 -0.7947 1.3113
2.2612 -0.7885 1.3272
2.2612 -0.7831 1.3426
2.2612 -0.7785 1.3575
2.2612 -0.7744 1.3719
2.2612 -0.7710 1.3857
2.2612 -0.7681 1.3988
2.2612 -0.7657 1.4112
2.2612 -0.7637 1.4230
2.2612 -0.7621 1.4339
2.2612 -0.7609 1.4442
2.2612 -0.7599 1.4536
2.2612 -0.7592 1.4622
2.2612 -0.7586 1.4699
2.2612 -0.7583 1.4769
2.2612 -0.7580 1.4829
2.2612 -0.7579 1.4880
2.2612 -0.7578 1.4923
2.2612 -0.7578 1.4956
2.2612 -0.7577 1.4980
2.2612 -0.7577 1.4995
2.2612 -0.7577 1.5000
2.2612 -0.7577 1.5000
2.2612 -0.7577 1.5000
2.2533 -0.7576 1.5000
2.2441 -0.7575 1.5000
2.2331 -0.7573 1.5000
2.2201 -0.7571 1.5000
2.2051 -0.7569 1.5000
2.1881 -0.7566 1.5000
2.1692 -0.7564 1.5000
2.1488 -0.7561 1.5000
2.1274 -0.7557 1.5000
2.1073 -0.7535 1.5000
2.0869 -0.7513 1.5000
2.0670 -0.7494 1.5000
2.0477 -0.7481 1.5000
2.0297 -0.7473 1.5000
2.0129 -0.7469 1.5000
1.9967 -0.7465 1.5000
1.9806 -0.7462 1.5000
1.9646 -0.7460 1.5000
1.9489 -0.7458 1.5000
1.9303 -0.7450 1.5000
1.9110 -0.7441 1.5000
1.8913 -0.7432 1.5000
1.8717 -0.7421 1.5000
1.8527 -0.7409 1.5000
1.8350 -0.7395 1.5000
1.8191 -0.7378 1.5000
1.8042 -0.7373 1.5000
1.7905 -0.7379 1.5000
1.7788 -0.7401 1.5000
1.7693 -0.7425 1.5000
1.7618 -0.7450 1.5000
1.7554 -0.7475 1.5000
1.7500 -0.7500 1.5000
1.7500 -0.7500 1.4900
1.7500 -0.7500 1.4800
1.7500 -0.7500 1.4700
1.7500 -0.7500 1.4600
1.7500 -0.7500 1.4500
1.7500 -0.7500 1.4400
1.7500 -0.7500 1.4299
1.7500 -0.7500 1.4199
1.7500 -0.7500 1.4099
1.7500 -0.7500 1.3999
1.7500 -0.7500 1.3899
1.7500 -0.7500 1.3799
1.7500 -0.7500 1.3700
1.7500 -0.7500 1.3600
1.7500 -0.7500 1.3500
1.7500 -0.7500 1.3400
1.7500 -0.7500 1.3300
1.7500 -0.7500 1.3200
1.7500 -0.7500 1.3099
1.7500 -0.7500 1.2999
1.7500 -0.7500 1.2899
1.7500 -0.7500 1.2799
1.7500 -0.7500 1.2699
1.7500 -0.7500 1.2599
1.7500 -0.7500 1.2500
1.7500 -0.7500 1.2400
1.7500 -0.7500 1.2300
1.7500 -0.7500 1.2200
1.7500 -0.7500 1.2100
1.7500 -0.7500 1.2000
1.7500 -0.7500 1.1900
1.7500 -0.7500 1.1799
1.7500 -0.7500 1.1699
1.7500 -0.7500 1.1599
1.7500 -0.7500 1.1499
1.7500 -0.7500 1.1399
1.7500 -0.7500 1.1299
1.7500 -0.7500 1.1200
1.7500 -0.7500 1.1100
1.7500 -0.7500 1.1000
1.7500 -0.7500 1.0900
1.7500 -0.7500 1.0800
1.7500 -0.7500 1.0700
1.7500 -0.7500 1.0599
1.7500 -0.7500 1.0499
1.7500 -0.7500 1.0399
1.7500 -0.7500 1.0299
1.7500 -0.7500 1.0199
1.7500 -0.7500 1.0099
1.7500 -0.7500 1.0000
1.7500 -0.7500 0.9900
1.7500 -0.7500 0.9800
1.7500 -0.7500 0.9700
1.7500 -0.7500 0.9599
1.7500 -0.7500 0.9499
1.7500 -0.7500 0.9399
1.7500 -0.7500 0.9300
1.7500 -0.7500 0.9200
1.7500 -0.7500 0.9100
1.7500 -0.7500 0.8999
1.7500 -0.7500 0.8899
1.7500 -0.7500 0.8799
1.7500 -0.7500 0.8700
1.7500 -0.7500 0.8600
1.7500 -0.7500 0.8500
1.7500 -0.7500 0.8399
1.7500 -0.7500 0.8299
1.7500 -0.7500 0.8199
1.7500 -0.7500 0.8100
1.7500 -0.7500 0.8000
1.7500 -0.7500 0.7900
1.7500 -0.7500 0.7799
1.7500 -0.7500 0.7699
1.7500 -0.7500 0.7599
1.7500 -0.7500 0.7500
1.7500 -0.7500 0.7400
1.7500 -0.7500 0.7300
1.7500 -0.7500 0.7200
1.7500 -0.7500 0.7099
1.7500 -0.7500 0.6999
1.7500 -0.7500 0.6899
1.7500 -0.7500 0.6800
1.7500 -0.7500 0.6700
1.7500 -0.7500 0.6600
1.7500 -0.7500 0.6499
1.7500 -0.7500 0.6399
1.7500 -0.7500 0.6299
1.7500 -0.7500 0.6200
1.7500 -0.7500 0.6100
1.7500 -0.7500 0.6000
1.7500 -0.7500 0.5899
1.7500 -0.7500 0.5799
1.7500 -0.7500 0.5699
1.7500 -0.7500 0.5600
1.7500 -0.7500 0.5500
1.7500 -0.7500 0.5400
1.7500 -0.7500 0.5299
1.7500 -0.7500 0.5199
1.7500 -0.7500 0.5099
1.7500 -0.7500 0.5000
1.7500 -0.7500 0.4900
1.7500 -0.7500 0.4799
1.7500 -0.7500 0.4699
1.7500 -0.7500 0.4600
1.7500 -0.7500 0.4499
1.7500 -0.7500 0.4399
1.7500 -0.7500 0.4300
1.7500 -0.7500 0.4199
1.7500 -0.7500 0.4099
1.7500 -0.7500 0.4000
1.7500 -0.7500 0.3899
1.7500 -0.7500 0.3799
1.7500 -0.7500 0.3700
1.7500 -0.7500 0.3600
1.7500 -0.7500 0.3499
1.7500 -0.7500 0.3400
1.7500 -0.7500 0.3300
1.7500 -0.7500 0.3199
1.7500 -0.7500 0.3100
1.7500 -0.7500 0.3000
1.7500 -0.7500 0.2899
1.7500 -0.7500 0.2800
1.7500 -0.7500 0.2700
1.7500 -0.7500 0.2599
1.7500 -0.7500 0.2500
1.7500 -0.7500 0.2399
1.7500 -0.7500 0.2300
1.7500 -0.7500 0.2199
1.7500 -0.7500 0.2099
