1.7500 -1.2500 1.5000
1.7500 -1.2500 1.5000
1.7534 -1.2495 1.5043
1.7571 -1.2489 1.5091
1.7626 -1.2478 1.5164
1.7698 -1.2464 1.5262
1.7787 -1.2447 1.5385
1.7890 -1.2427 1.5531
1.8008 -1.2404 1.5701
1.8116 -1.2359 1.5901
1.8198 -1.2292 1.6126
1.8247 -1.2201 1.6361
1.8266 -1.2089 1.6593
1.8261 -1.1958 1.6817
1.8236 -1.1813 1.7030
1.8194 -1.1657 1.7233
1.8139 -1.1493 1.7427
1.8127 -1.1374 1.7602
1.8109 -1.1249 1.7779
1.8085 -1.1115 1.7960
1.8055 -1.0977 1.8142
1.8020 -1.0832 1.8326
1.7978 -1.0683 1.8509
1.7931 -1.0530 1.8692
1.7877 -1.0373 1.8873
1.7817 -1.0214 1.9051
1.7750 -1.0051 1.9225
1.7676 -0.9885 1.9396
1.7596 -0.9717 1.9562
1.7508 -0.9547 1.9723
1.7412 -0.9375 1.9878
1.7308 -0.9201 2.0026
1.7200 -0.9029 2.0165
1.7089 -0.8858 2.0296
1.6975 -0.8689 2.0417
1.6861 -0.8524 2.0530
1.6748 -0.8362 2.0634
1.6635 -0.8206 2.0732
1.6525 -0.8055 2.0823
1.6417 -0.7910 2.0908
1.6310 -0.7771 2.0987
1.6206 -0.7639 2.1062
1.6103 -0.7515 2.1130
1.6005 -0.7399 2.1193
1.5911 -0.7290 2.1252
1.5821 -0.7188 2.1306
1.5717 -0.7055 2.1379
1.5618 -0.6934 2.1445
1.5527 -0.6827 2.1502
1.5443 -0.6731 2.1552
1.5363 -0.6645 2.1595
1.5286 -0.6566 2.1633
1.5211 -0.6495 2.1667
1.5138 -0.6431 2.1696
1.5065 -0.6373 2.1719
1.4997 -0.6329 2.1736
1.4933 -0.6297 2.1744
1.4873 -0.6278 2.1744
1.4819 -0.6275 2.1735
1.4795 -0.6287 2.1718
1.4795 -0.6287 2.1718
1.4795 -0.6289 2.1718
1.4797 -0.6294 2.1720
1.4801 -0.6303 2.1724
1.4805 -0.6315 2.1729
1.4811 -0.6330 2.1735
1.4818 -0.6349 2.1742
1.4827 -0.6371 2.1751
1.4837 -0.6396 2.1761
1.4847 -0.6425 2.1772
1.4859 -0.6457 2.1785
1.4872 -0.6492 2.1798
1.4887 -0.6530 2.1813
1.4902 -0.6572 2.1829
1.4918 -0.6618 2.1846
1.4935 -0.6666 2.1864
1.4954 -0.6718 2.1883
1.4973 -0.6773 2.1903
1.4992 -0.6832 2.1923
1.5013 -0.6894 2.1945
1.5034 -0.6959 2.1967
1.5056 -0.7027 2.1990
1.5079 -0.7099 2.2013
1.5102 -0.7175 2.2038
1.5126 -0.7253 2.2062
1.5150 -0.7335 2.2088
1.5174 -0.7421 2.2113
1.5199 -0.7509 2.2139
1.5223 -0.7601 2.2165
1.5248 -0.7697 2.2191
1.5273 -0.7796 2.2218
1.5298 -0.7898 2.2244
1.5323 -0.8004 2.2271
1.5348 -0.8113 2.2297
1.5372 -0.8225 2.2323
1.5396 -0.8341 2.2349
1.5420 -0.8460 2.2374
1.5443 -0.8582 2.2399
1.5466 -0.8708 2.2423
1.5488 -0.8837 2.2447
1.5509 -0.8970 2.2470
1.5529 -0.9105 2.2492
1.5549 -0.9244 2.2514
1.5567 -0.9386 2.2534
1.5584 -0.9532 2.2553
1.5600 -0.9680 2.2571
1.5614 -0.9832 2.2588
1.5627 -0.9986 2.2603
1.5639 -1.0144 2.2617
1.5649 -1.0305 2.2629
1.5657 -1.0468 2.2640
1.5664 -1.0635 2.2649
1.5668 -1.0804 2.2656
1.5671 -1.0976 2.2661
1.5671 -1.1150 2.2664
1.5669 -1.1328 2.2664
1.5665 -1.1507 2.2663
1.5659 -1.1689 2.2659
1.5650 -1.1874 2.2653
1.5638 -1.2061 2.2644
1.5624 -1.2249 2.2633
1.5607 -1.2440 2.2618
1.5587 -1.2633 2.2601
1.5564 -1.2827 2.2581
1.5539 -1.3024 2.2559
1.5510 -1.3221 2.2533
1.5478 -1.3420 2.2503
1.5443 -1.3621 2.2471
1.5404 -1.3822 2.2435
1.5362 -1.4025 2.2396
1.5316 -1.4228 2.2354
1.5267 -1.4432 2.2308
1.5215 -1.4637 2.2258
1.5158 -1.4842 2.2205
1.5098 -1.5047 2.2148
1.5034 -1.5252 2.2087
1.4967 -1.5457 2.2022
1.4895 -1.5661 2.1953
1.4820 -1.5865 2.1881
1.4740 -1.6068 2.1804
1.4657 -1.6271 2.1724
1.4569 -1.6472 2.1640
1.4478 -1.6671 2.1551
1.4382 -1.6870 2.1458
1.4283 -1.7066 2.1362
1.4179 -1.7261 2.1261
1.4071 -1.7453 2.1156
1.3960 -1.7643 2.1047
1.3844 -1.7830 2.0934
1.3724 -1.8015 2.0817
1.3600 -1.8196 2.0696
1.3472 -1.8374 2.0570
1.3340 -1.8549 2.0441
1.3204 -1.8720 2.0308
1.3065 -1.8887 2.0171
1.2921 -1.9050 2.0030
1.2774 -1.9209 1.9885
1.2623 -1.9363 1.9736
1.2468 -1.9512 1.9584
1.2310 -1.9656 1.9428
1.2148 -1.9796 1.9268
1.1983 -1.9929 1.9105
1.1815 -2.0057 1.8939
1.1644 -2.0179 1.8769
1.1469 -2.0295 1.8596
1.1292 -2.0405 1.8421
1.1111 -2.0509 1.8242
1.0928 -2.0606 1.8060
1.0742 -2.0696 1.7876
1.0554 -2.0779 1.7689
1.0364 -2.0855 1.7500
1.0171 -2.0924 1.7308
0.9977 -2.0986 1.7115
0.9780 -2.1040 1.6919
0.9582 -2.1086 1.6722
0.9382 -2.1124 1.6523
0.9181 -2.1155 1.6323
0.8979 -2.1177 1.6121
0.8776 -2.1191 1.5918
0.8572 -2.1197 1.5714
0.8368 -2.1195 1.5510
0.8163 -2.1184 1.5305
0.7957 -2.1165 1.5099
0.7752 -2.1137 1.4894
0.7547 -2.1101 1.4688
0.7342 -2.1056 1.4483
0.7138 -2.1002 1.4278
0.6935 -2.0940 1.4074
0.6732 -2.0869 1.3871
0.6531 -2.0789 1.3668
0.6331 -2.0701 1.3467
0.6133 -2.0604 1.3268
0.5936 -2.0499 1.3070
0.5742 -2.0385 1.2874
0.5549 -2.0263 1.2680
0.5359 -2.0132 1.2488
0.5172 -1.9993 1.2299
0.4987 -1.9846 1.2112
0.4806 -1.9691 1.1929
0.4628 -1.9528 1.1748
0.4453 -1.9357 1.1571
0.4281 -1.9178 1.1397
0.4114 -1.8992 1.1227
0.3950 -1.8799 1.1061
0.3791 -1.8598 1.0898
0.3635 -1.8391 1.0740
0.3485 -1.8176 1.0586
0.3338 -1.7955 1.0437
0.3197 -1.7728 1.0293
0.3061 -1.7494 1.0153
0.2929 -1.7254 1.0018
0.2803 -1.7009 0.9889
0.2682 -1.6758 0.9764
0.2567 -1.6502 0.9645
0.2457 -1.6241 0.9532
0.2353 -1.5976 0.9424
0.2255 -1.5706 0.9322
0.2163 -1.5431 0.9226
0.2077 -1.5153 0.9136
0.1997 -1.4872 0.9052
0.1922 -1.4587 0.8973
0.1855 -1.4299 0.8902
0.1793 -1.4008 0.8836
0.1738 -1.3715 0.8777
0.1689 -1.3419 0.8724
0.1647 -1.3122 0.8677
0.1611 -1.2824 0.8637
0.1581 -1.2524 0.8603
0.1558 -1.2223 0.8576
0.1542 -1.1922 0.8555
0.1532 -1.1620 0.8540
0.1528 -1.1319 0.8532
0.1531 -1.1017 0.8531
0.1540 -1.0717 0.8536
0.1556 -1.0417 0.8547
0.1578 -1.0118 0.8564
0.1606 -0.9821 0.8588
0.1640 -0.9526 0.8618
0.1681 -0.9233 0.8655
0.1727 -0.8942 0.8697
0.1780 -0.8654 0.8745
0.1838 -0.8368 0.8799
0.1902 -0.8086 0.8860
0.1972 -0.7807 0.8925
0.2048 -0.7532 0.8997
0.2129 -0.7260 0.9074
0.2215 -0.6993 0.9156
0.2306 -0.6730 0.9244
0.2403 -0.6471 0.9336
0.2504 -0.6218 0.9434
0.2610 -0.5969 0.9537
0.2721 -0.5725 0.9644
0.2837 -0.5487 0.9756
0.2957 -0.5254 0.9872
0.3081 -0.5027 0.9993
0.3209 -0.4806 1.0118
0.3340 -0.4590 1.0246
0.3476 -0.4381 1.0379
0.3615 -0.4178 1.0515
0.3758 -0.3981 1.0654
0.3903 -0.3791 1.0797
0.4052 -0.3607 1.0943
0.4204 -0.3430 1.1092
0.4358 -0.3259 1.1244
0.4515 -0.3095 1.1398
0.4674 -0.2938 1.1555
0.4835 -0.2788 1.1714
0.4999 -0.2645 1.1875
0.5164 -0.2509 1.2038
0.5330 -0.2380 1.2203
0.5499 -0.2257 1.2369
0.5668 -0.2142 1.2537
0.5838 -0.2033 1.2706
0.6010 -0.1932 1.2876
0.6182 -0.1837 1.3047
0.6355 -0.1749 1.3218
0.6529 -0.1668 1.3390
0.6702 -0.1594 1.3563
0.6876 -0.1526 1.3735
0.7050 -0.1465 1.3908
0.7224 -0.1411 1.4081
0.7397 -0.1363 1.4254
0.7570 -0.1321 1.4426
0.7742 -0.1286 1.4597
0.7914 -0.1257 1.4769
0.8085 -0.1234 1.4939
0.8254 -0.1216 1.5108
0.8423 -0.1205 1.5277
0.8591 -0.1200 1.5444
0.8757 -0.1200 1.5610
0.8922 -0.1205 1.5775
0.9085 -0.1216 1.5938
0.9246 -0.1232 1.6100
0.9406 -0.1253 1.6260
0.9564 -0.1279 1.6418
0.9720 -0.1310 1.6575
0.9875 -0.1345 1.6729
1.0027 -0.1385 1.6882
1.0177 -0.1429 1.7032
1.0324 -0.1477 1.7181
1.0470 -0.1529 1.7327
1.0613 -0.1584 1.7471
1.0754 -0.1644 1.7612
1.0892 -0.1706 1.7751
1.1028 -0.1772 1.7888
1.1161 -0.1842 1.8022
1.1292 -0.1914 1.8154
1.1420 -0.1989 1.8283
1.1546 -0.2066 1.8410
1.1669 -0.2146 1.8534
1.1789 -0.2228 1.8655
1.1907 -0.2312 1.8774
1.2021 -0.2399 1.8890
1.2134 -0.2487 1.9004
1.2243 -0.2576 1.9114
1.2350 -0.2667 1.9222
1.2454 -0.2760 1.9328
1.2556 -0.2853 1.9431
1.2654 -0.2948 1.9531
1.2750 -0.3043 1.9628
1.2844 -0.3139 1.9723
1.2935 -0.3236 1.9815
1.3023 -0.3333 1.9904
1.3108 -0.3430 1.9991
1.3191 -0.3528 2.0075
1.3272 -0.3625 2.0157
1.3349 -0.3722 2.0236
1.3425 -0.3819 2.0313
1.3498 -0.3915 2.0387
1.3568 -0.4011 2.0459
1.3636 -0.4107 2.0528
1.3702 -0.4201 2.0595
1.3765 -0.4295 2.0660
1.3826 -0.4387 2.0722
1.3884 -0.4478 2.0782
1.3941 -0.4568 2.0840
1.3995 -0.4657 2.0895
1.4047 -0.4744 2.0949
1.4097 -0.4830 2.1000
1.4145 -0.4914 2.1049
1.4191 -0.4997 2.1096
1.4235 -0.5077 2.1141
1.4277 -0.5155 2.1184
1.4317 -0.5232 2.1225
1.4355 -0.5306 2.1264
1.4392 -0.5379 2.1302
1.4426 -0.5448 2.1337
1.4459 -0.5516 2.1371
1.4490 -0.5581 2.1403
1.4520 -0.5644 2.1433
1.4547 -0.5704 2.1462
1.4573 -0.5761 2.1489
1.4598 -0.5816 2.1514
1.4621 -0.5868 2.1538
1.4642 -0.5918 2.1560
1.4662 -0.5964 2.1581
1.4681 -0.6008 2.1600
1.4698 -0.6048 2.1617
1.4713 -0.6086 2.1634
1.4728 -0.6120 2.1648
1.4740 -0.6151 2.1662
1.4752 -0.6180 2.1673
1.4762 -0.6205 2.1684
1.4771 -0.6226 2.1693
1.4778 -0.6245 2.1700
1.4784 -0.6260 2.1707
1.4789 -0.6272 2.1711
1.4792 -0.6281 2.1715
1.4794 -0.6286 2.1717
1.4795 -0.6287 2.1718
1.4795 -0.6287 2.1718
1.4795 -0.6287 2.1718
1.4795 -0.6287 2.1718
1.4795 -0.6287 2.1718
1.4795 -0.6287 2.1718
1.4795 -0.6287 2.1718
1.4795 -0.6287 2.1718
1.4795 -0.6287 2.1718
1.4795 -0.6287 2.1718
1.4795 -0.6287 2.1718
1.4795 -0.6287 2.1718
1.4790 -0.6367 2.1712
1.4782 -0.6462 2.1703
1.4770 -0.6577 2.1689
1.4752 -0.6713 2.1668
1.4724 -0.6869 2.1639
1.4685 -0.7041 2.1598
1.4633 -0.7228 2.1543
1.4567 -0.7423 2.1476
1.4492 -0.7620 2.1399
1.4410 -0.7813 2.1316
1.4325 -0.7997 2.1230
1.4241 -0.8171 2.1145
1.4160 -0.8335 2.1063
1.4084 -0.8487 2.0987
1.4013 -0.8626 2.0916
1.3953 -0.8768 2.0854
1.3890 -0.8909 2.0791
1.3827 -0.9046 2.0727
1.3764 -0.9181 2.0663
1.3701 -0.9312 2.0599
1.3639 -0.9438 2.0537
1.3577 -0.9560 2.0474
1.3501 -0.9723 2.0397
1.3419 -0.9883 2.0315
1.3335 -1.0034 2.0230
1.3252 -1.0173 2.0147
1.3173 -1.0295 2.0068
1.3102 -1.0401 1.9997
1.3040 -1.0490 1.9935
1.2988 -1.0565 1.9883
1.2944 -1.0624 1.9839
1.2906 -1.0667 1.9802
1.2871 -1.0698 1.9767
1.2839 -1.0713 1.9734
1.2821 -1.0714 1.9716
1.2821 -1.0714 1.9716
1.2821 -1.0714 1.9716
1.2820 -1.0716 1.9716
1.2820 -1.0719 1.9716
1.2820 -1.0724 1.9716
1.2820 -1.0732 1.9716
1.2820 -1.0742 1.9716
1.2820 -1.0754 1.9716
1.2819 -1.0768 1.9716
1.2819 -1.0784 1.9715
1.2818 -1.0803 1.9715
1.2817 -1.0823 1.9715
1.2817 -1.0846 1.9714
1.2816 -1.0870 1.9714
1.2814 -1.0897 1.9713
1.2813 -1.0925 1.9712
1.2812 -1.0956 1.9711
1.2810 -1.0989 1.9709
1.2808 -1.1023 1.9708
1.2805 -1.1060 1.9706
1.2803 -1.1099 1.9704
1.2800 -1.1139 1.9702
1.2797 -1.1181 1.9699
1.2793 -1.1226 1.9696
1.2789 -1.1272 1.9693
1.2785 -1.1320 1.9689
1.2780 -1.1370 1.9685
1.2774 -1.1421 1.9680
1.2768 -1.1474 1.9675
1.2762 -1.1530 1.9669
1.2755 -1.1586 1.9663
1.2747 -1.1645 1.9656
1.2738 -1.1705 1.9648
1.2729 -1.1767 1.9640
1.2719 -1.1830 1.9631
1.2709 -1.1895 1.9621
1.2697 -1.1962 1.9611
1.2685 -1.2030 1.9600
1.2671 -1.2099 1.9587
1.2657 -1.2170 1.9574
1.2642 -1.2242 1.9560
1.2626 -1.2316 1.9545
1.2609 -1.2391 1.9529
1.2590 -1.2467 1.9512
1.2571 -1.2544 1.9493
1.2550 -1.2623 1.9474
1.2529 -1.2702 1.9453
1.2506 -1.2783 1.9431
1.2481 -1.2864 1.9408
1.2456 -1.2947 1.9384
1.2429 -1.3030 1.9358
1.2400 -1.3114 1.9331
1.2370 -1.3199 1.9302
1.2339 -1.3285 1.9272
1.2306 -1.3371 1.9241
1.2272 -1.3458 1.9208
1.2236 -1.3545 1.9173
1.2199 -1.3632 1.9137
1.2160 -1.3720 1.9100
1.2119 -1.3808 1.9060
1.2077 -1.3897 1.9019
1.2033 -1.3985 1.8976
1.1987 -1.4073 1.8932
1.1940 -1.4161 1.8886
1.1891 -1.4249 1.8838
1.1840 -1.4337 1.8788
1.1787 -1.4424 1.8737
1.1732 -1.4511 1.8684
1.1676 -1.4597 1.8628
1.1618 -1.4683 1.8571
1.1558 -1.4768 1.8513
1.1496 -1.4852 1.8452
1.1432 -1.4935 1.8389
1.1366 -1.5017 1.8325
1.1299 -1.5098 1.8259
1.1229 -1.5177 1.8190
1.1158 -1.5256 1.8120
1.1085 -1.5332 1.8049
1.1010 -1.5407 1.7975
1.0934 -1.5481 1.7899
1.0855 -1.5553 1.7822
1.0775 -1.5622 1.7743
1.0693 -1.5690 1.7662
1.0609 -1.5756 1.7579
1.0524 -1.5819 1.7495
1.0437 -1.5880 1.7408
1.0348 -1.5939 1.7320
1.0257 -1.5995 1.7231
1.0165 -1.6048 1.7140
1.0072 -1.6099 1.7047
0.9977 -1.6147 1.6953
0.9881 -1.6192 1.6857
0.9783 -1.6234 1.6760
0.9684 -1.6272 1.6662
0.9583 -1.6308 1.6562
0.9482 -1.6340 1.6461
0.9379 -1.6369 1.6359
0.9275 -1.6394 1.6255
0.9171 -1.6416 1.6151
0.9065 -1.6434 1.6045
0.8958 -1.6448 1.5939
0.8851 -1.6458 1.5832
0.8743 -1.6465 1.5724
0.8634 -1.6467 1.5615
0.8525 -1.6466 1.5506
0.8415 -1.6460 1.5396
0.8305 -1.6450 1.5286
0.8194 -1.6436 1.5175
0.8084 -1.6418 1.5064
0.7973 -1.6395 1.4953
0.7862 -1.6368 1.4842
0.7751 -1.6337 1.4731
0.7641 -1.6301 1.4621
0.7531 -1.6261 1.4510
0.7421 -1.6216 1.4400
0.7312 -1.6167 1.4290
0.7203 -1.6114 1.4180
0.7095 -1.6055 1.4072
0.6988 -1.5993 1.3964
0.6882 -1.5926 1.3857
0.6777 -1.5854 1.3751
0.6673 -1.5778 1.3646
0.6571 -1.5698 1.3542
0.6469 -1.5613 1.3439
0.6369 -1.5524 1.3338
0.6271 -1.5431 1.3239
0.6174 -1.5333 1.3141
0.6079 -1.5231 1.3044
0.5986 -1.5125 1.2950
0.5895 -1.5015 1.2857
0.5807 -1.4901 1.2767
0.5720 -1.4783 1.2679
0.5635 -1.4661 1.2592
0.5553 -1.4535 1.2509
0.5474 -1.4406 1.2427
0.5397 -1.4273 1.2348
0.5323 -1.4137 1.2272
0.5251 -1.3997 1.2199
0.5182 -1.3854 1.2128
0.5116 -1.3708 1.2060
0.5054 -1.3559 1.1995
0.4994 -1.3407 1.1933
0.4937 -1.3252 1.1874
0.4884 -1.3095 1.1819
0.4834 -1.2935 1.1767
0.4787 -1.2773 1.1717
0.4744 -1.2609 1.1672
0.4704 -1.2443 1.1630
0.4668 -1.2274 1.1591
0.4635 -1.2105 1.1556
0.4606 -1.1933 1.1524
0.4580 -1.1761 1.1496
0.4558 -1.1587 1.1471
0.4540 -1.1412 1.1451
0.4526 -1.1236 1.1434
0.4515 -1.1060 1.1421
0.4508 -1.0883 1.1411
0.4505 -1.0706 1.1405
0.4505 -1.0528 1.1403
0.4510 -1.0351 1.1405
0.4518 -1.0173 1.1411
0.4530 -0.9997 1.1420
0.4546 -0.9820 1.1433
0.4565 -0.9645 1.1450
0.4588 -0.9470 1.1471
0.4615 -0.9296 1.1496
0.4646 -0.9124 1.1524
0.4680 -0.8953 1.1555
0.4718 -0.8783 1.1591
0.4759 -0.8615 1.1630
0.4804 -0.8449 1.1672
0.4853 -0.8285 1.1718
0.4904 -0.8124 1.1768
0.4960 -0.7965 1.1820
0.5018 -0.7808 1.1877
0.5080 -0.7654 1.1936
0.5144 -0.7502 1.1998
0.5212 -0.7354 1.2064
0.5283 -0.7209 1.2133
0.5357 -0.7067 1.2204
0.5433 -0.6928 1.2279
0.5513 -0.6793 1.2356
0.5595 -0.6661 1.2436
0.5679 -0.6533 1.2519
0.5766 -0.6408 1.2604
0.5856 -0.6288 1.2692
0.5947 -0.6172 1.2782
0.6041 -0.6059 1.2874
0.6137 -0.5951 1.2968
0.6235 -0.5847 1.3065
0.6335 -0.5747 1.3163
0.6436 -0.5652 1.3263
0.6539 -0.5561 1.3364
0.6644 -0.5474 1.3468
0.6750 -0.5392 1.3573
0.6857 -0.5315 1.3679
0.6966 -0.5242 1.3786
0.7076 -0.5173 1.3895
0.7186 -0.5110 1.4005
0.7298 -0.5051 1.4115
0.7410 -0.4997 1.4227
0.7523 -0.4947 1.4339
0.7636 -0.4902 1.4451
0.7750 -0.4862 1.4565
0.7864 -0.4826 1.4678
0.7979 -0.4795 1.4792
0.8093 -0.4769 1.4906
0.8208 -0.4747 1.5020
0.8322 -0.4730 1.5134
0.8437 -0.4717 1.5248
0.8550 -0.4709 1.5362
0.8664 -0.4705 1.5476
0.8777 -0.4706 1.5589
0.8890 -0.4710 1.5701
0.9001 -0.4720 1.5813
0.9112 -0.4733 1.5924
0.9222 -0.4750 1.6034
0.9332 -0.4772 1.6144
0.9440 -0.4797 1.6252
0.9547 -0.4827 1.6360
0.9653 -0.4860 1.6466
0.9758 -0.4896 1.6571
0.9861 -0.4937 1.6675
0.9963 -0.4981 1.6778
1.0064 -0.5028 1.6879
1.0163 -0.5079 1.6979
1.0261 -0.5133 1.7077
1.0357 -0.5190 1.7174
1.0451 -0.5250 1.7269
1.0544 -0.5313 1.7363
1.0635 -0.5379 1.7455
1.0724 -0.5447 1.7545
1.0811 -0.5518 1.7633
1.0896 -0.5592 1.7719
1.0980 -0.5668 1.7804
1.1061 -0.5746 1.7887
1.1141 -0.5827 1.7967
1.1219 -0.5909 1.8046
1.1295 -0.5993 1.8123
1.1368 -0.6079 1.8198
1.1440 -0.6167 1.8271
1.1510 -0.6257 1.8342
1.1577 -0.6347 1.8411
1.1643 -0.6440 1.8478
1.1706 -0.6533 1.8543
1.1768 -0.6628 1.8605
1.1828 -0.6723 1.8666
1.1885 -0.6820 1.8725
1.1940 -0.6917 1.8782
1.1994 -0.7015 1.8837
1.2045 -0.7114 1.8890
1.2095 -0.7213 1.8941
1.2142 -0.7313 1.8989
1.2188 -0.7413 1.9036
1.2232 -0.7513 1.9082
1.2273 -0.7613 1.9125
1.2313 -0.7713 1.9166
1.2351 -0.7814 1.9206
1.2388 -0.7914 1.9243
1.2422 -0.8014 1.9279
1.2455 -0.8113 1.9313
1.2486 -0.8213 1.9346
1.2515 -0.8311 1.9376
1.2543 -0.8409 1.9406
1.2569 -0.8507 1.9433
1.2593 -0.8604 1.9459
1.2616 -0.8700 1.9483
1.2638 -0.8795 1.9506
1.2658 -0.8890 1.9528
1.2677 -0.8983 1.9547
1.2694 -0.9076 1.9566
1.2710 -0.9167 1.9583
1.2725 -0.9258 1.9599
1.2738 -0.9347 1.9614
1.2750 -0.9435 1.9628
1.2761 -0.9521 1.9640
1.2771 -0.9606 1.9651
1.2780 -0.9690 1.9661
1.2788 -0.9773 1.9671
1.2795 -0.9854 1.9679
1.2801 -0.9934 1.9686
1.2807 -1.0012 1.9692
1.2811 -1.0088 1.9698
1.2815 -1.0163 1.9703
1.2818 -1.0236 1.9706
1.2820 -1.0308 1.9710
1.2821 -1.0378 1.9712
1.2822 -1.0446 1.9714
1.2823 -1.0513 1.9716
1.2822 -1.0578 1.9716
1.2822 -1.0641 1.9717
1.2821 -1.0702 1.9716
1.2819 -1.0761 1.9716
1.2817 -1.0819 1.9715
1.2815 -1.0875 1.9713
1.2813 -1.0929 1.9712
1.2810 -1.0981 1.9710
1.2807 -1.1031 1.9708
1.2804 -1.1079 1.9705
1.2801 -1.1125 1.9703
1.2798 -1.1169 1.9700
1.2794 -1.1212 1.9697
1.2791 -1.1252 1.9694
1.2787 -1.1291 1.9691
1.2784 -1.1327 1.9689
1.2781 -1.1361 1.9686
1.2777 -1.1394 1.9683
1.2774 -1.1424 1.9680
1.2771 -1.1453 1.9677
1.2768 -1.1479 1.9675
1.2765 -1.1503 1.9672
1.2762 -1.1526 1.9670
1.2760 -1.1546 1.9668
1.2757 -1.1564 1.9666
1.2755 -1.1580 1.9664
1.2754 -1.1594 1.9662
1.2752 -1.1606 1.9661
1.2751 -1.1615 1.9660
1.2750 -1.1623 1.9659
1.2749 -1.1628 1.9658
1.2749 -1.1632 1.9658
1.2748 -1.1633 1.9658
1.2748 -1.1633 1.9658
1.2748 -1.1633 1.9658
1.2748 -1.1633 1.9658
1.2748 -1.1633 1.9658
1.2748 -1.1633 1.9658
1.2748 -1.1633 1.9658
1.2748 -1.1633 1.9658
1.2748 -1.1633 1.9658
1.2748 -1.1633 1.9658
1.2748 -1.1633 1.9658
1.2748 -1.1633 1.9658
1.2748 -1.1633 1.9658
1.2748 -1.1633 1.9658
1.2748 -1.1633 1.9658
1.2748 -1.1633 1.9658
1.2748 -1.1633 1.9658
1.2748 -1.1633 1.9658
1.2748 -1.1633 1.9658
1.2748 -1.1633 1.9658
1.2748 -1.1633 1.9658
1.2748 -1.1633 1.9658
1.2748 -1.1633 1.9658
1.2748 -1.1633 1.9658
1.2748 -1.1633 1.9658
1.2748 -1.1633 1.9658
1.2748 -1.1633 1.9658
1.2748 -1.1633 1.9658
1.2748 -1.1633 1.9658
1.2748 -1.1633 1.9658
1.2748 -1.1633 1.9658
1.2770 -1.1650 1.9732
1.2790 -1.1668 1.9808
1.2808 -1.1687 1.9891
1.2825 -1.1707 1.9985
1.2838 -1.1729 2.0090
1.2847 -1.1753 2.0206
1.2850 -1.1779 2.0332
1.2848 -1.1805 2.0469
1.2840 -1.1833 2.0614
1.2827 -1.1861 2.0769
1.2811 -1.1891 2.0928
1.2792 -1.1922 2.1089
1.2772 -1.1953 2.1247
1.2751 -1.1985 2.1401
1.2729 -1.2017 2.1549
1.2718 -1.2046 2.1685
1.2704 -1.2075 2.1821
1.2690 -1.2104 2.1957
1.2674 -1.2134 2.2093
1.2658 -1.2163 2.2229
1.2640 -1.2193 2.2365
1.2621 -1.2222 2.2500
1.2601 -1.2252 2.2634
1.2580 -1.2281 2.2767
1.2559 -1.2311 2.2898
1.2537 -1.2340 2.3027
1.2514 -1.2368 2.3152
1.2492 -1.2395 2.3272
1.2471 -1.2422 2.3388
1.2449 -1.2447 2.3497
1.2429 -1.2472 2.3602
1.2409 -1.2495 2.3701
1.2391 -1.2518 2.3794
1.2373 -1.2539 2.3881
1.2350 -1.2568 2.3994
1.2328 -1.2595 2.4097
1.2309 -1.2620 2.4190
1.2290 -1.2643 2.4274
1.2274 -1.2665 2.4350
1.2259 -1.2684 2.4418
1.2245 -1.2701 2.4479
1.2233 -1.2717 2.4534
1.2222 -1.2731 2.4582
1.2214 -1.2741 2.4621
1.2209 -1.2748 2.4643
1.2209 -1.2748 2.4643
1.2209 -1.2748 2.4643
1.2209 -1.2748 2.4643
1.2209 -1.2748 2.4643
1.2209 -1.2748 2.4643
1.2209 -1.2748 2.4643
1.2209 -1.2748 2.4643
1.2209 -1.2748 2.4643
1.2209 -1.2748 2.4643
1.2209 -1.2748 2.4643
1.2209 -1.2748 2.4643
1.2209 -1.2748 2.4643
1.2209 -1.2748 2.4643
1.2209 -1.2748 2.4643
1.2209 -1.2748 2.4643
1.2209 -1.2748 2.4643
1.2209 -1.2748 2.4643
1.2209 -1.2748 2.4643
1.2209 -1.2748 2.4643
1.2209 -1.2748 2.4643
1.2209 -1.2748 2.4643
1.2209 -1.2748 2.4643
1.2209 -1.2748 2.4643
1.2209 -1.2748 2.4643
1.2209 -1.2748 2.4643
1.2209 -1.2748 2.4643
1.2209 -1.2748 2.4643
1.2209 -1.2748 2.4643
1.2209 -1.2748 2.4643
1.2209 -1.2748 2.4643
1.2209 -1.2748 2.4643
1.2209 -1.2748 2.4643
1.2209 -1.2748 2.4643
1.2209 -1.2748 2.4643
1.2209 -1.2748 2.4643
1.2209 -1.2748 2.4643
1.2209 -1.2748 2.4643
1.2209 -1.2748 2.4643
1.2209 -1.2748 2.4643
1.2209 -1.2748 2.4643
1.2209 -1.2748 2.4643
1.2209 -1.2748 2.4643
1.2209 -1.2748 2.4643
1.2209 -1.2748 2.4643
1.2209 -1.2748 2.4643
1.2209 -1.2748 2.4643
1.2209 -1.2748 2.4643
1.2209 -1.2748 2.4643
1.2209 -1.2748 2.4643
1.2209 -1.2748 2.4643
1.2209 -1.2748 2.4643
1.2209 -1.2748 2.4643
1.2209 -1.2748 2.4643
1.2209 -1.2748 2.4643
1.2209 -1.2748 2.4643
1.2209 -1.2748 2.4643
1.2209 -1.2748 2.4643
1.2209 -1.2748 2.4643
1.2209 -1.2748 2.4643
1.2209 -1.2748 2.4643
1.2209 -1.2748 2.4643
1.2209 -1.2748 2.4643
1.2209 -1.2748 2.4643
1.2209 -1.2748 2.4643
1.2209 -1.2748 2.4643
1.2209 -1.2748 2.4643
1.2209 -1.2748 2.4643
1.2209 -1.2748 2.4643
1.2209 -1.2748 2.4643
1.2209 -1.2748 2.4643
1.2209 -1.2748 2.4643
1.2209 -1.2748 2.4643
1.2209 -1.2748 2.4643
1.2209 -1.2748 2.4643
1.2209 -1.2748 2.4643
1.2209 -1.2748 2.4643
1.2209 -1.2748 2.4643
1.2209 -1.2748 2.4643
1.2209 -1.2748 2.4643
1.2209 -1.2748 2.4643
1.2209 -1.2748 2.4643
1.2209 -1.2748 2.4643
1.2209 -1.2748 2.4643
1.2209 -1.2748 2.4643
1.2209 -1.2748 2.4643
1.2209 -1.2748 2.4643
1.2209 -1.2748 2.4643
1.2209 -1.2748 2.4643
1.2209 -1.2748 2.4643
1.2209 -1.2748 2.4643
1.2209 -1.2748 2.4643
1.2209 -1.2748 2.4643
1.2209 -1.2748 2.4643
1.2209 -1.2748 2.4643
1.2209 -1.2748 2.4643
1.2209 -1.2748 2.4643
1.2209 -1.2748 2.4643
1.2209 -1.2748 2.4643
1.2209 -1.2748 2.4643
1.2209 -1.2748 2.4643
1.2209 -1.2748 2.4643
1.2209 -1.2748 2.4643
1.2209 -1.2748 2.4643
1.2209 -1.2752 2.4643
1.2209 -1.2760 2.4643
1.2209 -1.2771 2.4643
1.2208 -1.2784 2.4643
1.2208 -1.2801 2.4644
1.2208 -1.2820 2.4644
1.2208 -1.2843 2.4644
1.2207 -1.2868 2.4644
1.2207 -1.2897 2.4644
1.2206 -1.2928 2.4644
1.2206 -1.2962 2.4644
1.2205 -1.2999 2.4644
1.2205 -1.3038 2.4643
1.2204 -1.3081 2.4642
1.2204 -1.3126 2.4641
1.2203 -1.3174 2.4639
1.2202 -1.3224 2.4637
1.2201 -1.3278 2.4634
1.2201 -1.3334 2.4631
1.2200 -1.3392 2.4628
1.2199 -1.3454 2.4623
1.2198 -1.3517 2.4618
1.2197 -1.3584 2.4612
1.2196 -1.3653 2.4606
1.2195 -1.3724 2.4598
1.2194 -1.3798 2.4589
1.2193 -1.3874 2.4579
1.2192 -1.3953 2.4569
1.2190 -1.4034 2.4556
1.2189 -1.4117 2.4543
1.2188 -1.4202 2.4528
1.2187 -1.4290 2.4512
1.2185 -1.4380 2.4494
1.2184 -1.4472 2.4475
1.2183 -1.4566 2.4454
1.2181 -1.4662 2.4431
1.2180 -1.4759 2.4406
1.2178 -1.4859 2.4379
1.2177 -1.4961 2.4350
1.2176 -1.5064 2.4320
1.2174 -1.5169 2.4287
1.2172 -1.5276 2.4251
1.2171 -1.5384 2.4214
1.2169 -1.5493 2.4174
1.2168 -1.5604 2.4131
1.2166 -1.5716 2.4086
1.2164 -1.5830 2.4038
1.2163 -1.5944 2.3987
1.2161 -1.6059 2.3934
1.2159 -1.6176 2.3878
1.2158 -1.6293 2.3819
1.2156 -1.6411 2.3756
1.2154 -1.6529 2.3691
1.2153 -1.6648 2.3622
1.2151 -1.6767 2.3551
1.2149 -1.6887 2.3476
1.2147 -1.7007 2.3397
1.2146 -1.7126 2.3316
1.2144 -1.7246 2.3230
1.2142 -1.7365 2.3142
1.2141 -1.7484 2.3050
1.2139 -1.7603 2.2954
1.2137 -1.7720 2.2855
1.2135 -1.7837 2.2752
1.2134 -1.7954 2.2645
1.2132 -1.8069 2.2535
1.2130 -1.8182 2.2421
1.2129 -1.8295 2.2304
1.2127 -1.8406 2.2182
1.2126 -1.8515 2.2058
1.2124 -1.8623 2.1929
1.2123 -1.8728 2.1797
1.2121 -1.8832 2.1661
1.2120 -1.8933 2.1521
1.2118 -1.9031 2.1378
1.2117 -1.9128 2.1231
1.2115 -1.9221 2.1081
1.2114 -1.9312 2.0927
1.2113 -1.9399 2.0770
1.2112 -1.9483 2.0610
1.2111 -1.9564 2.0446
1.2109 -1.9642 2.0279
1.2108 -1.9716 2.0109
1.2107 -1.9786 1.9936
1.2106 -1.9852 1.9759
1.2105 -1.9913 1.9580
1.2105 -1.9971 1.9398
1.2104 -2.0024 1.9214
1.2103 -2.0073 1.9027
1.2103 -2.0117 1.8837
1.2102 -2.0157 1.8646
1.2101 -2.0191 1.8452
1.2101 -2.0221 1.8256
1.2101 -2.0245 1.8058
1.2100 -2.0264 1.7858
1.2100 -2.0278 1.7657
1.2100 -2.0286 1.7455
1.2100 -2.0289 1.7251
1.2100 -2.0286 1.7047
1.2100 -2.0277 1.6841
1.2100 -2.0262 1.6635
1.2101 -2.0242 1.6428
1.2101 -2.0216 1.6221
1.2102 -2.0183 1.6014
1.2102 -2.0145 1.5807
1.2103 -2.0100 1.5600
1.2104 -2.0050 1.5393
1.2104 -1.9993 1.5188
1.2105 -1.9930 1.4983
1.2106 -1.9861 1.4780
1.2107 -1.9785 1.4577
1.2109 -1.9704 1.4377
1.2110 -1.9616 1.4178
1.2111 -1.9522 1.3981
1.2113 -1.9422 1.3786
1.2114 -1.9316 1.3594
1.2116 -1.9204 1.3405
1.2117 -1.9086 1.3218
1.2119 -1.8962 1.3034
1.2121 -1.8833 1.2854
1.2123 -1.8697 1.2677
1.2125 -1.8556 1.2504
1.2127 -1.8409 1.2335
1.2129 -1.8257 1.2170
1.2132 -1.8100 1.2009
1.2134 -1.7937 1.1853
1.2136 -1.7770 1.1701
1.2139 -1.7597 1.1555
1.2141 -1.7420 1.1413
1.2144 -1.7238 1.1277
1.2147 -1.7051 1.1146
1.2150 -1.6861 1.1021
1.2152 -1.6666 1.0901
1.2155 -1.6467 1.0788
1.2158 -1.6265 1.0680
1.2161 -1.6059 1.0579
1.2164 -1.5850 1.0484
1.2167 -1.5638 1.0396
1.2170 -1.5423 1.0314
1.2173 -1.5205 1.0238
1.2177 -1.4985 1.0170
1.2180 -1.4763 1.0108
1.2183 -1.4538 1.0053
1.2186 -1.4312 1.0006
1.2190 -1.4085 0.9965
1.2193 -1.3856 0.9931
1.2196 -1.3626 0.9905
1.2200 -1.3395 0.9886
1.2203 -1.3164 0.9874
1.2206 -1.2933 0.9869
1.2210 -1.2702 0.9872
1.2213 -1.2470 0.9881
1.2216 -1.2240 0.9898
1.2220 -1.2010 0.9923
1.2223 -1.1781 0.9954
1.2226 -1.1553 0.9992
1.2230 -1.1326 1.0038
1.2233 -1.1102 1.0090
1.2236 -1.0879 1.0150
1.2239 -1.0658 1.0216
1.2242 -1.0440 1.0289
1.2245 -1.0224 1.0369
1.2248 -1.0012 1.0455
1.2252 -0.9802 1.0548
1.2255 -0.9595 1.0647
1.2257 -0.9392 1.0753
1.2260 -0.9193 1.0864
1.2263 -0.8997 1.0981
1.2266 -0.8806 1.1104
1.2269 -0.8618 1.1233
1.2271 -0.8435 1.1367
1.2274 -0.8257 1.1507
1.2276 -0.8083 1.1651
1.2279 -0.7914 1.1801
1.2281 -0.7750 1.1955
1.2283 -0.7592 1.2114
1.2286 -0.7438 1.2277
1.2288 -0.7290 1.2444
1.2290 -0.7147 1.2615
1.2292 -0.7010 1.2790
1.2294 -0.6879 1.2968
1.2296 -0.6753 1.3150
1.2297 -0.6634 1.3335
1.2299 -0.6520 1.3522
1.2300 -0.6412 1.3713
1.2302 -0.6310 1.3906
1.2303 -0.6214 1.4101
1.2305 -0.6125 1.4298
1.2306 -0.6041 1.4497
1.2307 -0.5964 1.4697
1.2308 -0.5893 1.4899
1.2309 -0.5827 1.5103
1.2310 -0.5768 1.5307
1.2311 -0.5715 1.5511
1.2311 -0.5669 1.5717
1.2312 -0.5628 1.5922
1.2312 -0.5593 1.6128
1.2313 -0.5564 1.6334
1.2313 -0.5541 1.6540
1.2313 -0.5524 1.6745
1.2313 -0.5513 1.6949
1.2314 -0.5507 1.7153
1.2314 -0.5507 1.7355
1.2313 -0.5512 1.7557
1.2313 -0.5523 1.7757
1.2313 -0.5539 1.7955
1.2313 -0.5561 1.8152
1.2312 -0.5587 1.8348
1.2312 -0.5619 1.8541
1.2311 -0.5655 1.8732
1.2311 -0.5696 1.8921
1.2310 -0.5742 1.9107
1.2309 -0.5792 1.9291
1.2309 -0.5847 1.9473
1.2308 -0.5905 1.9652
1.2307 -0.5968 1.9828
1.2306 -0.6035 2.0001
1.2305 -0.6105 2.0171
1.2304 -0.6180 2.0338
1.2303 -0.6257 2.0501
1.2302 -0.6338 2.0662
1.2300 -0.6422 2.0819
1.2299 -0.6510 2.0973
1.2298 -0.6600 2.1124
1.2296 -0.6693 2.1271
1.2295 -0.6788 2.1414
1.2294 -0.6886 2.1554
1.2292 -0.6986 2.1691
1.2291 -0.7088 2.1824
1.2289 -0.7192 2.1953
1.2288 -0.7298 2.2079
1.2286 -0.7405 2.2201
1.2285 -0.7515 2.2319
1.2283 -0.7625 2.2434
1.2281 -0.7737 2.2545
1.2280 -0.7849 2.2653
1.2278 -0.7963 2.2757
1.2276 -0.8077 2.2857
1.2275 -0.8192 2.2954
1.2273 -0.8308 2.3048
1.2271 -0.8424 2.3138
1.2270 -0.8540 2.3224
1.2268 -0.8657 2.3307
1.2266 -0.8773 2.3387
1.2265 -0.8889 2.3464
1.2263 -0.9005 2.3537
1.2261 -0.9121 2.3607
1.2260 -0.9236 2.3674
1.2258 -0.9351 2.3738
1.2256 -0.9465 2.3799
1.2255 -0.9578 2.3857
1.2253 -0.9690 2.3912
1.2252 -0.9801 2.3965
1.2250 -0.9912 2.4015
1.2248 -1.0021 2.4062
1.2247 -1.0128 2.4106
1.2245 -1.0235 2.4148
1.2244 -1.0340 2.4188
1.2242 -1.0443 2.4225
1.2241 -1.0545 2.4260
1.2239 -1.0646 2.4293
1.2238 -1.0744 2.4324
1.2237 -1.0841 2.4353
1.2235 -1.0936 2.4379
1.2234 -1.1029 2.4404
1.2232 -1.1120 2.4427
1.2231 -1.1209 2.4449
1.2230 -1.1296 2.4469
1.2229 -1.1381 2.4487
1.2228 -1.1463 2.4504
1.2226 -1.1544 2.4519
1.2225 -1.1622 2.4533
1.2224 -1.1698 2.4546
1.2223 -1.1771 2.4558
1.2222 -1.1842 2.4568
1.2221 -1.1910 2.4578
1.2220 -1.1977 2.4587
1.2219 -1.2040 2.4594
1.2218 -1.2101 2.4601
1.2217 -1.2160 2.4607
1.2217 -1.2215 2.4613
1.2216 -1.2269 2.4617
1.2215 -1.2319 2.4622
1.2214 -1.2367 2.4625
1.2214 -1.2412 2.4628
1.2213 -1.2454 2.4631
1.2213 -1.2494 2.4633
1.2212 -1.2531 2.4635
1.2212 -1.2565 2.4637
1.2211 -1.2596 2.4638
1.2211 -1.2624 2.4639
1.2210 -1.2650 2.4640
1.2210 -1.2672 2.4641
1.2210 -1.2692 2.4641
1.2210 -1.2708 2.4642
1.2209 -1.2722 2.4642
1.2209 -1.2732 2.4642
1.2209 -1.2740 2.4643
1.2209 -1.2745 2.4643
1.2209 -1.2746 2.4643
1.2209 -1.2746 2.4643
1.2212 -1.2708 2.4571
1.2216 -1.2661 2.4483
1.2220 -1.2603 2.4375
1.2226 -1.2533 2.4245
1.2232 -1.2452 2.4094
1.2239 -1.2359 2.3920
1.2247 -1.2254 2.3725
1.2257 -1.2139 2.3508
1.2271 -1.2017 2.3277
1.2288 -1.1891 2.3035
1.2310 -1.1759 2.2787
1.2338 -1.1614 2.2542
1.2364 -1.1455 2.2305
1.2383 -1.1283 2.2074
1.2395 -1.1105 2.1845
1.2405 -1.0960 2.1637
1.2414 -1.0810 2.1423
1.2423 -1.0657 2.1203
1.2431 -1.0501 2.0978
1.2438 -1.0342 2.0748
1.2445 -1.0183 2.0513
1.2452 -1.0024 2.0275
1.2459 -0.9865 2.0035
1.2467 -0.9708 1.9794
1.2474 -0.9553 1.9552
1.2482 -0.9402 1.9312
1.2490 -0.9254 1.9074
1.2498 -0.9110 1.8840
1.2507 -0.8971 1.8610
1.2515 -0.8837 1.8386
1.2524 -0.8709 1.8168
1.2532 -0.8586 1.7957
1.2540 -0.8469 1.7753
1.2546 -0.8358 1.7557
1.2552 -0.8253 1.7367
1.2557 -0.8154 1.7187
1.2560 -0.8061 1.7015
1.2561 -0.7974 1.6852
1.2561 -0.7894 1.6696
1.2552 -0.7769 1.6501
1.2543 -0.7662 1.6305
1.2538 -0.7576 1.6110
1.2538 -0.7510 1.5919
1.2543 -0.7464 1.5739
1.2552 -0.7438 1.5575
1.2564 -0.7428 1.5433
1.2577 -0.7432 1.5314
1.2588 -0.7447 1.5217
1.2599 -0.7468 1.5139
1.2606 -0.7496 1.5077
1.2612 -0.7529 1.5029
1.2613 -0.7565 1.5001
1.2612 -0.7577 1.4999
1.2612 -0.7577 1.4999
1.2612 -0.7577 1.4999
1.2612 -0.7577 1.4999
1.2612 -0.7577 1.4999
1.2612 -0.7577 1.4999
1.2612 -0.7577 1.4999
1.2612 -0.7577 1.4999
1.2612 -0.7577 1.4999
1.2612 -0.7577 1.4999
1.2612 -0.7577 1.4999
1.2612 -0.7577 1.5004
1.2612 -0.7577 1.5019
1.2612 -0.7578 1.5043
1.2612 -0.7578 1.5076
1.2612 -0.7579 1.5119
1.2612 -0.7580 1.5170
1.2612 -0.7583 1.5230
1.2612 -0.7586 1.5300
1.2612 -0.7592 1.5377
1.2612 -0.7599 1.5463
1.2612 -0.7609 1.5557
1.2612 -0.7621 1.5660
1.2612 -0.7637 1.5769
1.2612 -0.7657 1.5887
1.2612 -0.7681 1.6011
1.2612 -0.7710 1.6142
1.2612 -0.7744 1.6280
1.2612 -0.7785 1.6424
1.2612 -0.7831 1.6573
1.2612 -0.7885 1.6727
1.2612 -0.7947 1.6886
1.2612 -0.8017 1.7049
1.2612 -0.8095 1.7215
1.2612 -0.8183 1.7385
1.2612 -0.8280 1.7556
1.2612 -0.8388 1.7728
1.2612 -0.8505 1.7901
1.2612 -0.8634 1.8074
1.2612 -0.8774 1.8245
1.2612 -0.8925 1.8414
1.2612 -0.9087 1.8580
1.2612 -0.9261 1.8742
1.2612 -0.9447 1.8898
1.2612 -0.9644 1.9049
1.2612 -0.9853 1.9192
1.2612 -1.0073 1.9327
1.2612 -1.0303 1.9452
1.2612 -1.0544 1.9567
1.2612 -1.0795 1.9671
1.2612 -1.1055 1.9762
1.2612 -1.1324 1.9840
1.2612 -1.1601 1.9903
1.2612 -1.1885 1.9951
1.2612 -1.2175 1.9983
1.2612 -1.2469 1.9998
1.2612 -1.2768 1.9996
1.2612 -1.3069 1.9975
1.2612 -1.3372 1.9936
1.2612 -1.3674 1.9878
1.2612 -1.3975 1.9800
1.2612 -1.4273 1.9703
1.2612 -1.4567 1.9586
1.2612 -1.4855 1.9450
1.2612 -1.5136 1.9295
1.2612 -1.5408 1.9121
1.2612 -1.5670 1.8928
1.2612 -1.5921 1.8717
1.2612 -1.6158 1.8490
1.2612 -1.6381 1.8245
1.2612 -1.6588 1.7986
1.2612 -1.6778 1.7712
1.2612 -1.6950 1.7425
1.2612 -1.7102 1.7127
1.2612 -1.7235 1.6818
1.2612 -1.7347 1.6499
1.2612 -1.7438 1.6174
1.2612 -1.7506 1.5843
1.2612 -1.7552 1.5507
1.2612 -1.7575 1.5169
1.2612 -1.7575 1.4830
1.2612 -1.7552 1.4492
1.2612 -1.7506 1.4156
1.2612 -1.7438 1.3825
1.2612 -1.7347 1.3500
1.2612 -1.7235 1.3181
1.2612 -1.7102 1.2872
1.2612 -1.6950 1.2574
1.2612 -1.6778 1.2287
1.2612 -1.6588 1.2013
1.2612 -1.6381 1.1754
1.2612 -1.6158 1.1509
1.2612 -1.5921 1.1282
1.2612 -1.5670 1.1071
1.2612 -1.5408 1.0878
1.2612 -1.5136 1.0704
1.2612 -1.4855 1.0549
1.2612 -1.4567 1.0413
1.2612 -1.4273 1.0296
1.2612 -1.3975 1.0199
1.2612 -1.3674 1.0121
1.2612 -1.3372 1.0063
1.2612 -1.3069 1.0024
1.2612 -1.2768 1.0003
1.2612 -1.2469 1.0001
1.2612 -1.2175 1.0016
1.2612 -1.1885 1.0048
1.2612 -1.1601 1.0096
1.2612 -1.1324 1.0159
1.2612 -1.1055 1.0237
1.2612 -1.0795 1.0328
1.2612 -1.0544 1.0432
1.2612 -1.0303 1.0547
1.2612 -1.0073 1.0672
1.2612 -0.9853 1.0807
1.2612 -0.9644 1.0950
1.2612 -0.9447 1.1101
1.2612 -0.9261 1.1257
1.2612 -0.9087 1.1419
1.2612 -0.8925 1.1585
1.2612 -0.8774 1.1754
1.2612 -0.8634 1.1925
1.2612 -0.8505 1.2098
1.2612 -0.8388 1.2271
1.2612 -0.8280 1.2443
1.2612 -0.8183 1.2614
1.2612 -0.8095 1.2784
1.2612 -0.8017 1.2950
1.2612 -0.7947 1.3113
1.2612 -0.7885 1.3272
1.2612 -0.7831 1.3426
1.2612 -0.7785 1.3575
1.2612 -0.7744 1.3719
1.2612 -0.7710 1.3857
1.2612 -0.7681 1.3988
1.2612 -0.7657 1.4112
1.2612 -0.7637 1.4230
1.2612 -0.7621 1.4339
1.2612 -0.7609 1.4442
1.2612 -0.7599 1.4536
1.2612 -0.7592 1.4622
1.2612 -0.7586 1.4699
1.2612 -0.7583 1.4769
1.2612 -0.7580 1.4829
1.2612 -0.7579 1.4880
1.2612 -0.7578 1.4923
1.2612 -0.7578 1.4956
1.2612 -0.7577 1.4980
1.2612 -0.7577 1.4995
1.2612 -0.7577 1.5000
1.2612 -0.7577 1.5000
1.2612 -0.7577 1.5000
1.2671 -0.7637 1.5000
1.2746 -0.7712 1.5000
1.2840 -0.7807 1.5000
1.2954 -0.7922 1.5000
1.3088 -0.8056 1.5000
1.3241 -0.8210 1.5000
1.3413 -0.8384 1.5000
1.3604 -0.8576 1.5000
1.3807 -0.8781 1.5000
1.3993 -0.8999 1.5000
1.4179 -0.9218 1.5000
1.4362 -0.9430 1.5000
1.4542 -0.9629 1.5000
1.4714 -0.9812 1.5000
1.4876 -0.9978 1.5000
1.5029 -1.0135 1.5000
1.5182 -1.0291 1.5000
1.5336 -1.0446 1.5000
1.5487 -1.0598 1.5000
1.5661 -1.0782 1.5000
1.5843 -1.0975 1.5000
1.6029 -1.1174 1.5000
1.6216 -1.1376 1.5000
1.6399 -1.1576 1.5000
1.6569 -1.1767 1.5000
1.6720 -1.1943 1.5000
1.6863 -1.2094 1.5000
1.6999 -1.2219 1.5000
1.7128 -1.2312 1.5000
1.7238 -1.2380 1.5000
1.7329 -1.2428 1.5000
1.7404 -1.2463 1.5000
1.7500 -1.2500 1.5000
1.7500 -1.2500 1.4900
1.7500 -1.2500 1.4800
1.7500 -1.2500 1.4700
1.7500 -1.2500 1.4600
1.7500 -1.2500 1.4500
1.7500 -1.2500 1.4400
1.7500 -1.2500 1.4299
1.7500 -1.2500 1.4199
1.7500 -1.2500 1.4099
1.7500 -1.2500 1.3999
1.7500 -1.2500 1.3899
1.7500 -1.2500 1.3799
1.7500 -1.2500 1.3700
1.7500 -1.2500 1.3600
1.7500 -1.2500 1.3500
1.7500 -1.2500 1.3400
1.7500 -1.2500 1.3300
1.7500 -1.2500 1.3200
1.7500 -1.2500 1.3099
1.7500 -1.2500 1.2999
1.7500 -1.2500 1.2899
1.7500 -1.2500 1.2799
1.7500 -1.2500 1.2699
1.7500 -1.2500 1.2599
1.7500 -1.2500 1.2500
1.7500 -1.2500 1.2400
1.7500 -1.2500 1.2300
1.7500 -1.2500 1.2200
1.7500 -1.2500 1.2100
1.7500 -1.2500 1.2000
1.7500 -1.2500 1.1900
1.7500 -1.2500 1.1799
1.7500 -1.2500 1.1699
1.7500 -1.2500 1.1599
1.7500 -1.2500 1.1499
1.7500 -1.2500 1.1399
1.7500 -1.2500 1.1299
1.7500 -1.2500 1.1200
1.7500 -1.2500 1.1100
1.7500 -1.2500 1.1000
1.7500 -1.2500 1.0900
1.7500 -1.2500 1.0800
1.7500 -1.2500 1.0700
1.7500 -1.2500 1.0599
1.7500 -1.2500 1.0499
1.7500 -1.2500 1.0399
1.7500 -1.2500 1.0299
1.7500 -1.2500 1.0199
1.7500 -1.2500 1.0099
1.7500 -1.2500 1.0000
1.7500 -1.2500 0.9900
1.7500 -1.2500 0.9800
1.7500 -1.2500 0.9700
1.7500 -1.2500 0.9599
1.7500 -1.2500 0.9499
1.7500 -1.2500 0.9399
1.7500 -1.2500 0.9300
1.7500 -1.2500 0.9200
1.7500 -1.2500 0.9100
1.7500 -1.2500 0.8999
1.7500 -1.2500 0.8899
1.7500 -1.2500 0.8799
1.7500 -1.2500 0.8700
1.7500 -1.2500 0.8600
1.7500 -1.2500 0.8500
1.7500 -1.2500 0.8399
1.7500 -1.2500 0.8299
1.7500 -1.2500 0.8199
1.7500 -1.2500 0.8100
1.7500 -1.2500 0.8000
1.7500 -1.2500 0.7900
1.7500 -1.2500 0.7799
1.7500 -1.2500 0.7699
1.7500 -1.2500 0.7599
1.7500 -1.2500 0.7500
1.7500 -1.2500 0.7400
1.7500 -1.2500 0.7300
1.7500 -1.2500 0.7200
1.7500 -1.2500 0.7099
1.7500 -1.2500 0.6999
1.7500 -1.2500 0.6899
1.7500 -1.2500 0.6800
1.7500 -1.2500 0.6700
1.7500 -1.2500 0.6600
1.7500 -1.2500 0.6499
1.7500 -1.2500 0.6399
1.7500 -1.2500 0.6299
1.7500 -1.2500 0.6200
1.7500 -1.2500 0.6100
1.7500 -1.2500 0.6000
1.7500 -1.2500 0.5899
1.7500 -1.2500 0.5799
1.7500 -1.2500 0.5699
1.7500 -1.2500 0.5600
1.7500 -1.2500 0.5500
1.7500 -1.2500 0.5400
1.7500 -1.2500 0.5299
1.7500 -1.2500 0.5199
1.7500 -1.2500 0.5099
1.7500 -1.2500 0.5000
1.7500 -1.2500 0.4900
1.7500 -1.2500 0.4799
1.7500 -1.2500 0.4699
1.7500 -1.2500 0.4600
1.7500 -1.2500 0.4499
1.7500 -1.2500 0.4399
1.7500 -1.2500 0.4300
1.7500 -1.2500 0.4199
1.7500 -1.2500 0.4099
1.7500 -1.2500 0.4000
1.7500 -1.2500 0.3899
1.7500 -1.2500 0.3799
1.7500 -1.2500 0.3700
1.7500 -1.2500 0.3600
1.7500 -1.2500 0.3499
1.7500 -1.2500 0.3400
1.7500 -1.2500 0.3300
1.7500 -1.2500 0.3199
1.7500 -1.2500 0.3100
1.7500 -1.2500 0.3000
1.7500 -1.2500 0.2899
1.7500 -1.2500 0.2800
1.7500 -1.2500 0.2700
1.7500 -1.2500 0.2599
1.7500 -1.2500 0.2500
1.7500 -1.2500 0.2399
1.7500 -1.2500 0.2300
1.7500 -1.2500 0.2199
1.7500 -1.2500 0.2099
