1.7500 -1.7500 1.5000
1.7500 -1.7500 1.5000
1.7499 -1.7580 1.5000
1.7499 -1.7671 1.4999
1.7496 -1.7781 1.4996
1.7491 -1.7913 1.4990
1.7482 -1.8067 1.4979
1.7466 -1.8244 1.4960
1.7444 -1.8446 1.4932
1.7427 -1.8675 1.4920
1.7435 -1.8911 1.4959
1.7462 -1.9119 1.5057
1.7496 -1.9283 1.5203
1.7528 -1.9403 1.5382
1.7553 -1.9484 1.5584
1.7569 -1.9529 1.5803
1.7574 -1.9545 1.6033
1.7574 -1.9608 1.6187
1.7570 -1.9662 1.6351
1.7562 -1.9706 1.6523
1.7550 -1.9740 1.6703
1.7533 -1.9765 1.6889
1.7511 -1.9780 1.7082
1.7486 -1.9786 1.7279
1.7457 -1.9781 1.7482
1.7424 -1.9766 1.7688
1.7388 -1.9740 1.7899
1.7349 -1.9703 1.8115
1.7307 -1.9655 1.8333
1.7262 -1.9595 1.8556
1.7214 -1.9522 1.8783
1.7165 -1.9436 1.9013
1.7111 -1.9336 1.9243
1.7051 -1.9222 1.9470
1.6983 -1.9094 1.9690
1.6908 -1.8958 1.9900
1.6825 -1.8816 2.0099
1.6736 -1.8671 2.0285
1.6642 -1.8526 2.0458
1.6545 -1.8381 2.0618
1.6446 -1.8238 2.0766
1.6344 -1.8097 2.0902
1.6242 -1.7960 2.1025
1.6138 -1.7827 2.1136
1.6036 -1.7700 2.1236
1.5935 -1.7578 2.1327
1.5818 -1.7428 2.1462
1.5698 -1.7285 2.1576
1.5579 -1.7153 2.1666
1.5464 -1.7033 2.1735
1.5352 -1.6920 2.1787
1.5242 -1.6814 2.1825
1.5135 -1.6715 2.1849
1.5032 -1.6621 2.1859
1.4934 -1.6534 2.1856
1.4849 -1.6459 2.1840
1.4779 -1.6397 2.1814
1.4724 -1.6349 2.1782
1.4681 -1.6312 2.1748
1.4650 -1.6286 2.1718
1.4650 -1.6286 2.1718
1.4650 -1.6288 2.1717
1.4647 -1.6293 2.1715
1.4644 -1.6301 2.1711
1.4639 -1.6313 2.1707
1.4632 -1.6328 2.1700
1.4624 -1.6346 2.1693
1.4615 -1.6368 2.1684
1.4604 -1.6393 2.1673
1.4592 -1.6420 2.1662
1.4578 -1.6451 2.1648
1.4563 -1.6485 2.1634
1.4547 -1.6522 2.1617
1.4528 -1.6563 2.1600
1.4509 -1.6605 2.1581
1.4487 -1.6651 2.1560
1.4465 -1.6700 2.1538
1.4440 -1.6751 2.1514
1.4414 -1.6805 2.1489
1.4386 -1.6862 2.1462
1.4357 -1.6921 2.1433
1.4325 -1.6983 2.1403
1.4293 -1.7047 2.1371
1.4258 -1.7114 2.1337
1.4221 -1.7183 2.1302
1.4183 -1.7254 2.1264
1.4142 -1.7327 2.1225
1.4100 -1.7403 2.1184
1.4056 -1.7480 2.1141
1.4010 -1.7559 2.1096
1.3961 -1.7640 2.1049
1.3911 -1.7723 2.1000
1.3859 -1.7807 2.0949
1.3804 -1.7892 2.0895
1.3747 -1.7980 2.0840
1.3688 -1.8068 2.0782
1.3627 -1.8158 2.0722
1.3563 -1.8248 2.0660
1.3497 -1.8340 2.0595
1.3429 -1.8432 2.0528
1.3358 -1.8526 2.0459
1.3285 -1.8620 2.0387
1.3210 -1.8714 2.0313
1.3131 -1.8808 2.0236
1.3051 -1.8903 2.0157
1.2968 -1.8998 2.0075
1.2882 -1.9093 1.9991
1.2794 -1.9188 1.9904
1.2703 -1.9282 1.9815
1.2609 -1.9376 1.9723
1.2513 -1.9470 1.9628
1.2414 -1.9562 1.9531
1.2313 -1.9654 1.9431
1.2209 -1.9744 1.9328
1.2102 -1.9834 1.9222
1.1993 -1.9922 1.9114
1.1881 -2.0008 1.9004
1.1766 -2.0093 1.8890
1.1649 -2.0176 1.8774
1.1529 -2.0257 1.8655
1.1406 -2.0335 1.8534
1.1281 -2.0412 1.8410
1.1153 -2.0486 1.8283
1.1023 -2.0557 1.8154
1.0890 -2.0625 1.8022
1.0755 -2.0690 1.7888
1.0617 -2.0752 1.7751
1.0477 -2.0811 1.7612
1.0334 -2.0866 1.7471
1.0190 -2.0918 1.7327
1.0043 -2.0966 1.7181
0.9894 -2.1009 1.7032
0.9743 -2.1049 1.6882
0.9589 -2.1084 1.6729
0.9434 -2.1115 1.6575
0.9277 -2.1141 1.6418
0.9119 -2.1163 1.6260
0.8958 -2.1179 1.6100
0.8796 -2.1190 1.5938
0.8633 -2.1196 1.5775
0.8468 -2.1197 1.5610
0.8302 -2.1192 1.5444
0.8135 -2.1182 1.5277
0.7966 -2.1166 1.5108
0.7797 -2.1144 1.4939
0.7627 -2.1116 1.4769
0.7456 -2.1082 1.4597
0.7285 -2.1042 1.4426
0.7113 -2.0995 1.4254
0.6941 -2.0942 1.4081
0.6769 -2.0883 1.3908
0.6597 -2.0817 1.3735
0.6426 -2.0744 1.3563
0.6254 -2.0665 1.3390
0.6083 -2.0579 1.3218
0.5913 -2.0486 1.3047
0.5743 -2.0386 1.2876
0.5575 -2.0280 1.2706
0.5408 -2.0166 1.2537
0.5242 -2.0046 1.2369
0.5077 -1.9919 1.2203
0.4914 -1.9785 1.2038
0.4753 -1.9644 1.1875
0.4594 -1.9496 1.1714
0.4437 -1.9341 1.1555
0.4283 -1.9180 1.1398
0.4131 -1.9012 1.1244
0.3981 -1.8837 1.1092
0.3835 -1.8655 1.0943
0.3692 -1.8467 1.0797
0.3551 -1.8273 1.0654
0.3415 -1.8072 1.0515
0.3281 -1.7865 1.0379
0.3152 -1.7652 1.0246
0.3026 -1.7433 1.0118
0.2905 -1.7208 0.9993
0.2787 -1.6977 0.9872
0.2674 -1.6741 0.9756
0.2566 -1.6499 0.9644
0.2462 -1.6253 0.9537
0.2363 -1.6001 0.9434
0.2269 -1.5744 0.9336
0.2180 -1.5483 0.9244
0.2096 -1.5218 0.9156
0.2018 -1.4948 0.9074
0.1944 -1.4674 0.8997
0.1877 -1.4397 0.8925
0.1815 -1.4116 0.8860
0.1759 -1.3832 0.8799
0.1709 -1.3545 0.8745
0.1665 -1.3255 0.8697
0.1627 -1.2963 0.8655
0.1595 -1.2669 0.8618
0.1569 -1.2373 0.8588
0.1550 -1.2075 0.8564
0.1536 -1.1776 0.8547
0.1529 -1.1476 0.8536
0.1529 -1.1175 0.8531
0.1535 -1.0874 0.8532
0.1547 -1.0572 0.8540
0.1566 -1.0271 0.8555
0.1591 -0.9971 0.8576
0.1623 -0.9671 0.8603
0.1661 -0.9372 0.8637
0.1705 -0.9074 0.8677
0.1756 -0.8779 0.8724
0.1814 -0.8485 0.8777
0.1877 -0.8193 0.8836
0.1947 -0.7904 0.8902
0.2023 -0.7619 0.8973
0.2105 -0.7336 0.9052
0.2194 -0.7056 0.9136
0.2288 -0.6781 0.9226
0.2388 -0.6509 0.9322
0.2494 -0.6242 0.9424
0.2606 -0.5980 0.9532
0.2723 -0.5722 0.9645
0.2845 -0.5470 0.9764
0.2973 -0.5222 0.9889
0.3107 -0.4981 1.0018
0.3245 -0.4745 1.0153
0.3388 -0.4516 1.0293
0.3536 -0.4292 1.0437
0.3688 -0.4076 1.0586
0.3845 -0.3866 1.0740
0.4006 -0.3662 1.0898
0.4172 -0.3467 1.1061
0.4341 -0.3278 1.1227
0.4514 -0.3097 1.1397
0.4690 -0.2923 1.1571
0.4870 -0.2757 1.1748
0.5053 -0.2599 1.1929
0.5239 -0.2450 1.2112
0.5427 -0.2308 1.2299
0.5619 -0.2174 1.2488
0.5812 -0.2049 1.2680
0.6008 -0.1933 1.2874
0.6206 -0.1824 1.3070
0.6405 -0.1725 1.3268
0.6606 -0.1634 1.3467
0.6809 -0.1551 1.3668
0.7012 -0.1478 1.3871
0.7217 -0.1413 1.4074
0.7422 -0.1356 1.4278
0.7627 -0.1309 1.4483
0.7833 -0.1270 1.4688
0.8039 -0.1239 1.4894
0.8245 -0.1217 1.5099
0.8451 -0.1204 1.5305
0.8656 -0.1199 1.5510
0.8861 -0.1203 1.5714
0.9065 -0.1214 1.5918
0.9267 -0.1235 1.6121
0.9469 -0.1263 1.6323
0.9669 -0.1299 1.6523
0.9867 -0.1343 1.6722
1.0064 -0.1395 1.6919
1.0259 -0.1455 1.7115
1.0451 -0.1522 1.7308
1.0642 -0.1596 1.7500
1.0830 -0.1678 1.7689
1.1016 -0.1766 1.7876
1.1199 -0.1862 1.8060
1.1379 -0.1964 1.8242
1.1556 -0.2073 1.8421
1.1731 -0.2188 1.8596
1.1902 -0.2309 1.8769
1.2070 -0.2436 1.8939
1.2234 -0.2569 1.9105
1.2395 -0.2707 1.9268
1.2553 -0.2851 1.9428
1.2707 -0.3000 1.9584
1.2857 -0.3153 1.9736
1.3003 -0.3312 1.9885
1.3146 -0.3474 2.0030
1.3285 -0.3641 2.0171
1.3420 -0.3812 2.0308
1.3550 -0.3987 2.0441
1.3677 -0.4166 2.0570
1.3800 -0.4348 2.0696
1.3919 -0.4533 2.0817
1.4033 -0.4721 2.0934
1.4144 -0.4911 2.1047
1.4250 -0.5104 2.1156
1.4352 -0.5300 2.1261
1.4450 -0.5497 2.1362
1.4544 -0.5696 2.1458
1.4634 -0.5897 2.1551
1.4719 -0.6100 2.1640
1.4801 -0.6303 2.1724
1.4878 -0.6508 2.1804
1.4952 -0.6713 2.1881
1.5021 -0.6919 2.1953
1.5087 -0.7126 2.2022
1.5149 -0.7332 2.2087
1.5207 -0.7539 2.2148
1.5261 -0.7746 2.2205
1.5311 -0.7952 2.2258
1.5358 -0.8158 2.2308
1.5401 -0.8364 2.2354
1.5441 -0.8568 2.2396
1.5477 -0.8772 2.2435
1.5510 -0.8974 2.2471
1.5539 -0.9176 2.2503
1.5565 -0.9376 2.2533
1.5589 -0.9574 2.2559
1.5609 -0.9771 2.2581
1.5626 -0.9966 2.2601
1.5640 -1.0159 2.2618
1.5651 -1.0350 2.2633
1.5660 -1.0540 2.2644
1.5666 -1.0727 2.2653
1.5670 -1.0911 2.2659
1.5671 -1.1093 2.2663
1.5670 -1.1273 2.2664
1.5667 -1.1450 2.2664
1.5661 -1.1625 2.2661
1.5654 -1.1797 2.2656
1.5644 -1.1966 2.2649
1.5633 -1.2132 2.2640
1.5620 -1.2295 2.2629
1.5606 -1.2456 2.2617
1.5589 -1.2613 2.2603
1.5572 -1.2767 2.2588
1.5553 -1.2918 2.2571
1.5533 -1.3066 2.2553
1.5512 -1.3211 2.2534
1.5489 -1.3352 2.2514
1.5466 -1.3491 2.2492
1.5442 -1.3626 2.2470
1.5417 -1.3757 2.2447
1.5391 -1.3886 2.2423
1.5365 -1.4011 2.2399
1.5338 -1.4133 2.2374
1.5311 -1.4251 2.2349
1.5284 -1.4366 2.2323
1.5256 -1.4478 2.2297
1.5228 -1.4586 2.2271
1.5200 -1.4691 2.2244
1.5172 -1.4792 2.2218
1.5144 -1.4890 2.2191
1.5117 -1.4985 2.2165
1.5089 -1.5076 2.2139
1.5062 -1.5164 2.2113
1.5035 -1.5249 2.2088
1.5009 -1.5330 2.2062
1.4983 -1.5408 2.2038
1.4958 -1.5483 2.2013
1.4933 -1.5554 2.1990
1.4909 -1.5622 2.1967
1.4886 -1.5686 2.1945
1.4864 -1.5748 2.1923
1.4842 -1.5806 2.1903
1.4822 -1.5860 2.1883
1.4802 -1.5912 2.1864
1.4783 -1.5960 2.1846
1.4766 -1.6004 2.1829
1.4749 -1.6046 2.1813
1.4734 -1.6084 2.1798
1.4720 -1.6119 2.1785
1.4707 -1.6150 2.1772
1.4695 -1.6179 2.1761
1.4685 -1.6204 2.1751
1.4676 -1.6226 2.1742
1.4668 -1.6244 2.1735
1.4662 -1.6259 2.1729
1.4657 -1.6271 2.1724
1.4653 -1.6279 2.1720
1.4651 -1.6284 2.1718
1.4650 -1.6286 2.1718
1.4650 -1.6286 2.1718
1.4650 -1.6286 2.1718
1.4650 -1.6286 2.1718
1.4650 -1.6286 2.1718
1.4650 -1.6286 2.1718
1.4650 -1.6286 2.1718
1.4650 -1.6286 2.1718
1.4650 -1.6286 2.1718
1.4650 -1.6286 2.1718
1.4650 -1.6286 2.1718
1.4650 -1.6286 2.1718
1.4647 -1.6367 2.1715
1.4644 -1.6465 2.1711
1.4639 -1.6585 2.1706
1.4633 -1.6729 2.1700
1.4623 -1.6896 2.1691
1.4610 -1.7087 2.1677
1.4589 -1.7299 2.1657
1.4559 -1.7530 2.1627
1.4516 -1.7771 2.1584
1.4460 -1.8012 2.1528
1.4392 -1.8243 2.1459
1.4314 -1.8458 2.1381
1.4229 -1.8654 2.1295
1.4143 -1.8827 2.1208
1.4058 -1.8978 2.1121
1.3996 -1.9135 2.1059
1.3933 -1.9288 2.0995
1.3868 -1.9436 2.0930
1.3803 -1.9579 2.0864
1.3737 -1.9715 2.0798
1.3671 -1.9847 2.0731
1.3606 -1.9974 2.0665
1.3537 -2.0163 2.0595
1.3459 -2.0350 2.0517
1.3373 -2.0527 2.0430
1.3279 -2.0687 2.0334
1.3179 -2.0823 2.0233
1.3076 -2.0929 2.0129
1.2976 -2.1003 2.0027
1.2883 -2.1047 1.9932
1.2800 -2.1064 1.9848
1.2733 -2.1058 1.9780
1.2680 -2.1034 1.9725
1.2638 -2.0996 1.9683
1.2608 -2.0946 1.9651
1.2590 -2.0899 1.9632
1.2590 -2.0899 1.9632
1.2588 -2.0900 1.9631
1.2584 -2.0903 1.9627
1.2577 -2.0908 1.9620
1.2568 -2.0915 1.9611
1.2555 -2.0925 1.9599
1.2540 -2.0936 1.9584
1.2523 -2.0950 1.9566
1.2502 -2.0965 1.9546
1.2479 -2.0982 1.9523
1.2453 -2.1001 1.9498
1.2425 -2.1022 1.9470
1.2394 -2.1045 1.9439
1.2360 -2.1069 1.9406
1.2324 -2.1095 1.9370
1.2285 -2.1122 1.9331
1.2243 -2.1151 1.9290
1.2199 -2.1182 1.9246
1.2152 -2.1213 1.9199
1.2102 -2.1246 1.9150
1.2049 -2.1280 1.9098
1.1994 -2.1316 1.9044
1.1936 -2.1352 1.8986
1.1876 -2.1389 1.8926
1.1813 -2.1427 1.8864
1.1747 -2.1465 1.8799
1.1678 -2.1504 1.8731
1.1607 -2.1544 1.8660
1.1533 -2.1584 1.8587
1.1457 -2.1624 1.8511
1.1377 -2.1665 1.8432
1.1295 -2.1705 1.8351
1.1211 -2.1746 1.8267
1.1123 -2.1786 1.8180
1.1033 -2.1826 1.8090
1.0940 -2.1866 1.7998
1.0845 -2.1905 1.7903
1.0747 -2.1943 1.7806
1.0646 -2.1980 1.7706
1.0543 -2.2017 1.7603
1.0437 -2.2052 1.7497
1.0328 -2.2086 1.7389
1.0217 -2.2118 1.7279
1.0103 -2.2149 1.7165
0.9987 -2.2179 1.7050
0.9868 -2.2206 1.6931
0.9746 -2.2232 1.6810
0.9623 -2.2255 1.6687
0.9496 -2.2277 1.6561
0.9368 -2.2295 1.6433
0.9237 -2.2311 1.6302
0.9104 -2.2325 1.6169
0.8968 -2.2335 1.6034
0.8830 -2.2343 1.5896
0.8691 -2.2347 1.5757
0.8549 -2.2348 1.5615
0.8405 -2.2346 1.5471
0.8259 -2.2340 1.5325
0.8111 -2.2330 1.5177
0.7961 -2.2316 1.5027
0.7810 -2.2298 1.4876
0.7657 -2.2276 1.4723
0.7502 -2.2249 1.4568
0.7346 -2.2218 1.4411
0.7189 -2.2183 1.4253
0.7030 -2.2142 1.4094
0.6870 -2.2097 1.3934
0.6709 -2.2047 1.3772
0.6547 -2.1991 1.3609
0.6384 -2.1930 1.3445
0.6220 -2.1864 1.3281
0.6056 -2.1792 1.3115
0.5891 -2.1715 1.2949
0.5725 -2.1632 1.2783
0.5560 -2.1543 1.2616
0.5394 -2.1448 1.2449
0.5228 -2.1347 1.2282
0.5063 -2.1241 1.2115
0.4897 -2.1128 1.1948
0.4733 -2.1008 1.1782
0.4568 -2.0883 1.1616
0.4405 -2.0751 1.1450
0.4242 -2.0612 1.1286
0.4081 -2.0468 1.1122
0.3920 -2.0316 1.0960
0.3761 -2.0159 1.0799
0.3604 -1.9994 1.0639
0.3448 -1.9824 1.0481
0.3294 -1.9646 1.0324
0.3142 -1.9462 1.0170
0.2992 -1.9272 1.0017
0.2845 -1.9075 0.9867
0.2700 -1.8872 0.9720
0.2558 -1.8662 0.9575
0.2419 -1.8446 0.9433
0.2283 -1.8224 0.9293
0.2150 -1.7995 0.9157
0.2021 -1.7761 0.9024
0.1895 -1.7520 0.8895
0.1773 -1.7273 0.8770
0.1654 -1.7020 0.8648
0.1540 -1.6762 0.8530
0.1430 -1.6498 0.8416
0.1325 -1.6229 0.8307
0.1224 -1.5954 0.8202
0.1128 -1.5675 0.8102
0.1036 -1.5390 0.8007
0.0950 -1.5100 0.7916
0.0869 -1.4806 0.7831
0.0793 -1.4507 0.7751
0.0723 -1.4205 0.7677
0.0658 -1.3898 0.7607
0.0599 -1.3587 0.7544
0.0546 -1.3273 0.7486
0.0499 -1.2955 0.7435
0.0458 -1.2635 0.7389
0.0423 -1.2311 0.7350
0.0395 -1.1986 0.7316
0.0373 -1.1657 0.7290
0.0357 -1.1327 0.7269
0.0348 -1.0995 0.7255
0.0345 -1.0662 0.7248
0.0350 -1.0327 0.7247
0.0361 -0.9992 0.7254
0.0379 -0.9656 0.7267
0.0403 -0.9320 0.7286
0.0435 -0.8984 0.7313
0.0473 -0.8648 0.7347
0.0519 -0.8313 0.7387
0.0571 -0.7979 0.7435
0.0631 -0.7647 0.7490
0.0697 -0.7316 0.7551
0.0771 -0.6987 0.7620
0.0851 -0.6661 0.7695
0.0938 -0.6337 0.7778
0.1032 -0.6016 0.7867
0.1133 -0.5699 0.7964
0.1241 -0.5385 0.8067
0.1355 -0.5075 0.8176
0.1476 -0.4769 0.8293
0.1603 -0.4468 0.8416
0.1737 -0.4172 0.8545
0.1878 -0.3882 0.8681
0.2024 -0.3596 0.8824
0.2177 -0.3317 0.8972
0.2335 -0.3044 0.9127
0.2500 -0.2777 0.9287
0.2670 -0.2517 0.9454
0.2846 -0.2264 0.9625
0.3027 -0.2018 0.9803
0.3213 -0.1779 0.9986
0.3405 -0.1549 1.0174
0.3601 -0.1326 1.0367
0.3802 -0.1112 1.0565
0.4008 -0.0906 1.0767
0.4218 -0.0709 1.0974
0.4432 -0.0521 1.1185
0.4650 -0.0342 1.1401
0.4871 -0.0172 1.1620
0.5097 -0.0012 1.1843
0.5325 0.0139 1.2069
0.5557 0.0280 1.2298
0.5791 0.0411 1.2530
0.6028 0.0532 1.2765
0.6267 0.0642 1.3003
0.6508 0.0743 1.3242
0.6751 0.0833 1.3484
0.6996 0.0913 1.3728
0.7242 0.0982 1.3973
0.7490 0.1041 1.4219
0.7738 0.1089 1.4466
0.7987 0.1127 1.4715
0.8236 0.1154 1.4963
0.8486 0.1171 1.5212
0.8735 0.1176 1.5461
0.8984 0.1172 1.5710
0.9232 0.1157 1.5959
0.9480 0.1131 1.6207
0.9726 0.1095 1.6453
0.9972 0.1048 1.6699
1.0215 0.0992 1.6944
1.0457 0.0925 1.7186
1.0697 0.0848 1.7427
1.0935 0.0762 1.7666
1.1170 0.0665 1.7903
1.1403 0.0559 1.8137
1.1633 0.0444 1.8368
1.1860 0.0319 1.8597
1.2083 0.0185 1.8822
1.2303 0.0043 1.9044
1.2520 -0.0109 1.9263
1.2733 -0.0269 1.9478
1.2941 -0.0437 1.9689
1.3146 -0.0613 1.9896
1.3346 -0.0797 2.0099
1.3542 -0.0989 2.0297
1.3734 -0.1188 2.0491
1.3920 -0.1395 2.0681
1.4102 -0.1608 2.0866
1.4279 -0.1827 2.1045
1.4451 -0.2054 2.1220
1.4617 -0.2286 2.1390
1.4778 -0.2524 2.1555
1.4934 -0.2767 2.1714
1.5084 -0.3016 2.1868
1.5229 -0.3269 2.2016
1.5368 -0.3528 2.2159
1.5502 -0.3790 2.2296
1.5630 -0.4057 2.2428
1.5752 -0.4328 2.2553
1.5868 -0.4602 2.2673
1.5978 -0.4880 2.2788
1.6083 -0.5160 2.2896
1.6181 -0.5443 2.2999
1.6274 -0.5729 2.3096
1.6361 -0.6016 2.3187
1.6442 -0.6305 2.3272
1.6517 -0.6596 2.3351
1.6586 -0.6889 2.3425
1.6650 -0.7182 2.3492
1.6708 -0.7476 2.3554
1.6760 -0.7770 2.3611
1.6806 -0.8065 2.3661
1.6847 -0.8360 2.3706
1.6882 -0.8654 2.3746
1.6912 -0.8948 2.3780
1.6936 -0.9241 2.3809
1.6956 -0.9534 2.3832
1.6969 -0.9825 2.3850
1.6978 -1.0114 2.3863
1.6982 -1.0402 2.3870
1.6980 -1.0688 2.3873
1.6974 -1.0973 2.3871
1.6963 -1.1254 2.3864
1.6947 -1.1534 2.3853
1.6927 -1.1811 2.3836
1.6903 -1.2085 2.3816
1.6874 -1.2356 2.3791
1.6841 -1.2624 2.3762
1.6804 -1.2889 2.3728
1.6763 -1.3151 2.3691
1.6718 -1.3409 2.3650
1.6669 -1.3664 2.3605
1.6617 -1.3915 2.3557
1.6562 -1.4162 2.3505
1.6503 -1.4405 2.3450
1.6441 -1.4644 2.3392
1.6377 -1.4879 2.3330
1.6309 -1.5109 2.3266
1.6239 -1.5336 2.3199
1.6166 -1.5558 2.3129
1.6090 -1.5776 2.3057
1.6013 -1.5989 2.2983
1.5933 -1.6198 2.2906
1.5851 -1.6402 2.2827
1.5767 -1.6602 2.2746
1.5682 -1.6797 2.2664
1.5595 -1.6988 2.2580
1.5507 -1.7174 2.2494
1.5417 -1.7356 2.2407
1.5326 -1.7533 2.2318
1.5233 -1.7705 2.2229
1.5140 -1.7873 2.2138
1.5046 -1.8036 2.2047
1.4952 -1.8195 2.1954
1.4857 -1.8349 2.1861
1.4761 -1.8498 2.1768
1.4665 -1.8644 2.1674
1.4569 -1.8784 2.1580
1.4472 -1.8921 2.1486
1.4376 -1.9053 2.1391
1.4280 -1.9181 2.1297
1.4184 -1.9304 2.1203
1.4088 -1.9424 2.1109
1.3993 -1.9539 2.1016
1.3899 -1.9651 2.0923
1.3805 -1.9758 2.0830
1.3711 -1.9862 2.0739
1.3619 -1.9961 2.0648
1.3527 -2.0057 2.0558
1.3437 -2.0150 2.0468
1.3347 -2.0238 2.0380
1.3259 -2.0323 2.0293
1.3172 -2.0405 2.0208
1.3087 -2.0483 2.0123
1.3002 -2.0558 2.0040
1.2920 -2.0630 1.9959
1.2839 -2.0699 1.9878
1.2759 -2.0764 1.9800
1.2681 -2.0827 1.9723
1.2605 -2.0887 1.9648
1.2531 -2.0943 1.9574
1.2459 -2.0998 1.9503
1.2388 -2.1049 1.9433
1.2320 -2.1098 1.9366
1.2253 -2.1144 1.9300
1.2189 -2.1188 1.9237
1.2127 -2.1230 1.9175
1.2067 -2.1269 1.9116
1.2010 -2.1306 1.9059
1.1955 -2.1340 1.9004
1.1902 -2.1373 1.8952
1.1851 -2.1404 1.8902
1.1803 -2.1432 1.8854
1.1758 -2.1459 1.8809
1.1715 -2.1484 1.8767
1.1674 -2.1507 1.8727
1.1636 -2.1528 1.8689
1.1601 -2.1547 1.8654
1.1569 -2.1565 1.8622
1.1539 -2.1581 1.8592
1.1512 -2.1596 1.8565
1.1487 -2.1609 1.8541
1.1466 -2.1620 1.8520
1.1447 -2.1630 1.8501
1.1431 -2.1638 1.8485
1.1418 -2.1645 1.8472
1.1407 -2.1650 1.8462
1.1400 -2.1654 1.8454
1.1396 -2.1656 1.8450
1.1394 -2.1657 1.8449
1.1394 -2.1657 1.8449
1.1394 -2.1657 1.8449
1.1394 -2.1657 1.8449
1.1394 -2.1657 1.8449
1.1394 -2.1657 1.8449
1.1394 -2.1657 1.8449
1.1394 -2.1657 1.8449
1.1394 -2.1657 1.8449
1.1394 -2.1657 1.8449
1.1394 -2.1657 1.8449
1.1394 -2.1657 1.8449
1.1394 -2.1657 1.8449
1.1394 -2.1657 1.8449
1.1394 -2.1657 1.8449
1.1394 -2.1657 1.8449
1.1394 -2.1657 1.8449
1.1394 -2.1657 1.8449
1.1394 -2.1657 1.8449
1.1394 -2.1657 1.8449
1.1394 -2.1657 1.8449
1.1394 -2.1657 1.8449
1.1394 -2.1657 1.8449
1.1394 -2.1657 1.8449
1.1394 -2.1657 1.8449
1.1394 -2.1657 1.8449
1.1394 -2.1657 1.8449
1.1394 -2.1657 1.8449
1.1394 -2.1657 1.8449
1.1394 -2.1657 1.8449
1.1394 -2.1657 1.8449
1.1350 -2.1706 1.8499
1.1293 -2.1766 1.8564
1.1220 -2.1837 1.8648
1.1129 -2.1916 1.8750
1.1017 -2.2000 1.8873
1.0884 -2.2084 1.9016
1.0727 -2.2164 1.9176
1.0546 -2.2235 1.9352
1.0344 -2.2295 1.9536
1.0126 -2.2340 1.9722
0.9894 -2.2370 1.9906
0.9650 -2.2386 2.0085
0.9398 -2.2388 2.0260
0.9140 -2.2380 2.0430
0.8877 -2.2362 2.0597
0.8659 -2.2372 2.0751
0.8434 -2.2378 2.0908
0.8200 -2.2380 2.1068
0.7961 -2.2378 2.1230
0.7716 -2.2371 2.1393
0.7466 -2.2360 2.1556
0.7215 -2.2344 2.1718
0.6962 -2.2324 2.1879
0.6708 -2.2300 2.2038
0.6454 -2.2271 2.2193
0.6202 -2.2239 2.2346
0.5952 -2.2202 2.2493
0.5705 -2.2163 2.2636
0.5463 -2.2120 2.2774
0.5227 -2.2075 2.2905
0.4996 -2.2027 2.3030
0.4773 -2.1978 2.3149
0.4557 -2.1929 2.3262
0.4350 -2.1879 2.3368
0.4095 -2.1818 2.3497
0.3846 -2.1754 2.3620
0.3606 -2.1689 2.3738
0.3376 -2.1625 2.3851
0.3159 -2.1564 2.3958
0.2958 -2.1508 2.4057
0.2778 -2.1457 2.4146
0.2622 -2.1413 2.4222
0.2492 -2.1377 2.4287
0.2379 -2.1345 2.4342
0.2285 -2.1318 2.4389
0.2208 -2.1297 2.4426
0.2146 -2.1279 2.4457
0.2085 -2.1262 2.4487
0.2085 -2.1262 2.4487
0.2085 -2.1262 2.4487
0.2085 -2.1262 2.4487
0.2085 -2.1262 2.4487
0.2085 -2.1262 2.4487
0.2085 -2.1262 2.4487
0.2085 -2.1262 2.4487
0.2085 -2.1262 2.4487
0.2085 -2.1262 2.4487
0.2085 -2.1262 2.4487
0.2085 -2.1262 2.4487
0.2085 -2.1262 2.4487
0.2085 -2.1262 2.4487
0.2085 -2.1262 2.4487
0.2085 -2.1262 2.4487
0.2085 -2.1262 2.4487
0.2085 -2.1262 2.4487
0.2085 -2.1262 2.4487
0.2085 -2.1262 2.4487
0.2085 -2.1262 2.4487
0.2085 -2.1262 2.4487
0.2085 -2.1262 2.4487
0.2085 -2.1262 2.4487
0.2085 -2.1262 2.4487
0.2085 -2.1262 2.4487
0.2085 -2.1262 2.4487
0.2085 -2.1262 2.4487
0.2085 -2.1262 2.4487
0.2085 -2.1262 2.4487
0.2085 -2.1262 2.4487
0.2085 -2.1262 2.4487
0.2085 -2.1262 2.4487
0.2085 -2.1262 2.4487
0.2085 -2.1262 2.4487
0.2085 -2.1262 2.4487
0.2085 -2.1262 2.4487
0.2085 -2.1262 2.4487
0.2085 -2.1262 2.4487
0.2085 -2.1262 2.4487
0.2085 -2.1262 2.4487
0.2085 -2.1262 2.4487
0.2085 -2.1262 2.4487
0.2085 -2.1262 2.4487
0.2085 -2.1262 2.4487
0.2085 -2.1262 2.4487
0.2085 -2.1262 2.4487
0.2085 -2.1262 2.4487
0.2085 -2.1262 2.4487
0.2085 -2.1262 2.4487
0.2085 -2.1262 2.4487
0.2085 -2.1262 2.4487
0.2085 -2.1262 2.4487
0.2085 -2.1262 2.4487
0.2085 -2.1262 2.4487
0.2085 -2.1262 2.4487
0.2085 -2.1262 2.4487
0.2085 -2.1262 2.4487
0.2085 -2.1262 2.4487
0.2085 -2.1262 2.4487
0.2085 -2.1262 2.4487
0.2085 -2.1262 2.4487
0.2085 -2.1262 2.4487
0.2085 -2.1262 2.4487
0.2085 -2.1262 2.4487
0.2085 -2.1262 2.4487
0.2085 -2.1262 2.4487
0.2085 -2.1262 2.4487
0.2085 -2.1262 2.4487
0.2085 -2.1262 2.4487
0.2085 -2.1262 2.4487
0.2085 -2.1262 2.4487
0.2085 -2.1262 2.4487
0.2085 -2.1262 2.4487
0.2085 -2.1262 2.4487
0.2085 -2.1262 2.4487
0.2085 -2.1262 2.4487
0.2085 -2.1262 2.4487
0.2085 -2.1262 2.4487
0.2085 -2.1262 2.4487
0.2085 -2.1262 2.4487
0.2085 -2.1262 2.4487
0.2085 -2.1262 2.4487
0.2085 -2.1262 2.4487
0.2085 -2.1262 2.4487
0.2085 -2.1262 2.4487
0.2085 -2.1262 2.4487
0.2085 -2.1262 2.4487
0.2085 -2.1262 2.4487
0.2085 -2.1262 2.4487
0.2085 -2.1262 2.4487
0.2085 -2.1262 2.4487
0.2085 -2.1262 2.4487
0.2085 -2.1262 2.4487
0.2085 -2.1262 2.4487
0.2085 -2.1262 2.4487
0.2085 -2.1262 2.4487
0.2085 -2.1262 2.4487
0.2085 -2.1262 2.4487
0.2085 -2.1262 2.4487
0.2085 -2.1262 2.4487
0.2085 -2.1267 2.4482
0.2085 -2.1274 2.4473
0.2085 -2.1285 2.4461
0.2085 -2.1298 2.4445
0.2085 -2.1314 2.4426
0.2084 -2.1333 2.4403
0.2084 -2.1355 2.4377
0.2084 -2.1379 2.4347
0.2083 -2.1406 2.4314
0.2083 -2.1436 2.4278
0.2082 -2.1468 2.4238
0.2082 -2.1503 2.4194
0.2081 -2.1540 2.4147
0.2081 -2.1579 2.4096
0.2080 -2.1621 2.4042
0.2079 -2.1665 2.3985
0.2079 -2.1711 2.3923
0.2078 -2.1759 2.3859
0.2077 -2.1809 2.3790
0.2077 -2.1860 2.3718
0.2076 -2.1914 2.3642
0.2075 -2.1969 2.3563
0.2074 -2.2025 2.3479
0.2073 -2.2083 2.3392
0.2073 -2.2142 2.3301
0.2072 -2.2203 2.3207
0.2071 -2.2264 2.3108
0.2070 -2.2326 2.3006
0.2069 -2.2390 2.2899
0.2068 -2.2453 2.2789
0.2067 -2.2518 2.2675
0.2066 -2.2582 2.2557
0.2065 -2.2647 2.2435
0.2064 -2.2712 2.2309
0.2063 -2.2777 2.2179
0.2062 -2.2842 2.2045
0.2062 -2.2907 2.1906
0.2061 -2.2971 2.1764
0.2060 -2.3034 2.1618
0.2059 -2.3096 2.1467
0.2058 -2.3158 2.1313
0.2057 -2.3218 2.1155
0.2056 -2.3278 2.0992
0.2055 -2.3335 2.0826
0.2055 -2.3391 2.0655
0.2054 -2.3445 2.0481
0.2053 -2.3498 2.0303
0.2052 -2.3548 2.0120
0.2052 -2.3595 1.9934
0.2051 -2.3641 1.9744
0.2050 -2.3683 1.9551
0.2050 -2.3723 1.9353
0.2049 -2.3759 1.9152
0.2049 -2.3793 1.8948
0.2048 -2.3823 1.8740
0.2048 -2.3849 1.8528
0.2048 -2.3871 1.8313
0.2047 -2.3890 1.8095
0.2047 -2.3904 1.7874
0.2047 -2.3915 1.7649
0.2047 -2.3920 1.7422
0.2047 -2.3921 1.7192
0.2047 -2.3918 1.6960
0.2047 -2.3909 1.6724
0.2047 -2.3895 1.6487
0.2048 -2.3876 1.6247
0.2048 -2.3851 1.6005
0.2048 -2.3821 1.5761
0.2049 -2.3785 1.5515
0.2049 -2.3743 1.5268
0.2050 -2.3695 1.5019
0.2051 -2.3641 1.4770
0.2052 -2.3580 1.4519
0.2053 -2.3514 1.4267
0.2054 -2.3440 1.4015
0.2055 -2.3360 1.3762
0.2056 -2.3273 1.3509
0.2058 -2.3180 1.3256
0.2059 -2.3079 1.3004
0.2061 -2.2972 1.2752
0.2062 -2.2857 1.2501
0.2064 -2.2736 1.2251
0.2066 -2.2607 1.2002
0.2068 -2.2471 1.1754
0.2070 -2.2327 1.1509
0.2072 -2.2177 1.1265
0.2074 -2.2019 1.1024
0.2077 -2.1853 1.0785
0.2079 -2.1681 1.0550
0.2082 -2.1501 1.0317
0.2085 -2.1314 1.0088
0.2087 -2.1120 0.9862
0.2090 -2.0918 0.9641
0.2093 -2.0710 0.9423
0.2096 -2.0494 0.9210
0.2100 -2.0272 0.9002
0.2103 -2.0043 0.8799
0.2106 -1.9807 0.8602
0.2110 -1.9564 0.8410
0.2113 -1.9315 0.8223
0.2117 -1.9059 0.8043
0.2121 -1.8798 0.7870
0.2125 -1.8530 0.7703
0.2129 -1.8256 0.7543
0.2133 -1.7977 0.7390
0.2137 -1.7692 0.7245
0.2141 -1.7402 0.7107
0.2145 -1.7107 0.6977
0.2150 -1.6807 0.6855
0.2154 -1.6502 0.6742
0.2158 -1.6194 0.6637
0.2163 -1.5881 0.6540
0.2168 -1.5564 0.6453
0.2172 -1.5244 0.6375
0.2177 -1.4920 0.6306
0.2182 -1.4594 0.6246
0.2186 -1.4265 0.6196
0.2191 -1.3933 0.6156
0.2196 -1.3600 0.6126
0.2201 -1.3265 0.6105
0.2206 -1.2928 0.6095
0.2211 -1.2590 0.6095
0.2215 -1.2252 0.6105
0.2220 -1.1914 0.6125
0.2225 -1.1575 0.6156
0.2230 -1.1237 0.6197
0.2235 -1.0899 0.6249
0.2240 -1.0562 0.6310
0.2245 -1.0227 0.6383
0.2249 -0.9894 0.6466
0.2254 -0.9563 0.6559
0.2259 -0.9234 0.6662
0.2264 -0.8908 0.6776
0.2268 -0.8585 0.6900
0.2273 -0.8266 0.7034
0.2278 -0.7951 0.7178
0.2282 -0.7640 0.7332
0.2286 -0.7333 0.7496
0.2291 -0.7032 0.7669
0.2295 -0.6736 0.7852
0.2299 -0.6445 0.8045
0.2303 -0.6160 0.8246
0.2307 -0.5882 0.8456
0.2311 -0.5610 0.8675
0.2315 -0.5345 0.8902
0.2319 -0.5087 0.9138
0.2323 -0.4837 0.9382
0.2326 -0.4594 0.9633
0.2329 -0.4359 0.9892
0.2333 -0.4133 1.0159
0.2336 -0.3915 1.0432
0.2339 -0.3705 1.0712
0.2342 -0.3505 1.0998
0.2345 -0.3314 1.1290
0.2347 -0.3132 1.1588
0.2350 -0.2959 1.1891
0.2352 -0.2796 1.2200
0.2354 -0.2643 1.2513
0.2356 -0.2500 1.2831
0.2358 -0.2367 1.3152
0.2360 -0.2244 1.3477
0.2362 -0.2131 1.3806
0.2363 -0.2029 1.4138
0.2364 -0.1938 1.4472
0.2366 -0.1856 1.4808
0.2367 -0.1786 1.5146
0.2367 -0.1726 1.5486
0.2368 -0.1676 1.5827
0.2369 -0.1638 1.6169
0.2369 -0.1609 1.6511
0.2369 -0.1592 1.6853
0.2369 -0.1585 1.7195
0.2369 -0.1588 1.7537
0.2369 -0.1602 1.7877
0.2369 -0.1626 1.8216
0.2368 -0.1660 1.8553
0.2368 -0.1704 1.8889
0.2367 -0.1759 1.9222
0.2366 -0.1823 1.9552
0.2365 -0.1897 1.9879
0.2364 -0.1981 2.0204
0.2362 -0.2074 2.0524
0.2361 -0.2176 2.0841
0.2359 -0.2287 2.1153
0.2358 -0.2407 2.1461
0.2356 -0.2536 2.1765
0.2354 -0.2673 2.2063
0.2352 -0.2818 2.2356
0.2349 -0.2971 2.2644
0.2347 -0.3132 2.2926
0.2345 -0.3301 2.3203
0.2342 -0.3476 2.3473
0.2340 -0.3659 2.3737
0.2337 -0.3848 2.3995
0.2334 -0.4044 2.4246
0.2331 -0.4246 2.4490
0.2328 -0.4454 2.4727
0.2325 -0.4667 2.4957
0.2322 -0.4886 2.5181
0.2319 -0.5110 2.5397
0.2315 -0.5339 2.5605
0.2312 -0.5572 2.5806
0.2308 -0.5809 2.6000
0.2305 -0.6050 2.6186
0.2301 -0.6295 2.6364
0.2298 -0.6543 2.6535
0.2294 -0.6794 2.6698
0.2291 -0.7048 2.6854
0.2287 -0.7305 2.7001
0.2283 -0.7563 2.7141
0.2279 -0.7824 2.7274
0.2276 -0.8086 2.7398
0.2272 -0.8350 2.7515
0.2268 -0.8614 2.7625
0.2264 -0.8880 2.7727
0.2260 -0.9146 2.7821
0.2256 -0.9413 2.7909
0.2253 -0.9679 2.7989
0.2249 -0.9946 2.8061
0.2245 -1.0212 2.8127
0.2241 -1.0477 2.8185
0.2237 -1.0742 2.8237
0.2233 -1.1005 2.8282
0.2230 -1.1268 2.8321
0.2226 -1.1529 2.8352
0.2222 -1.1788 2.8378
0.2218 -1.2045 2.8397
0.2215 -1.2301 2.8410
0.2211 -1.2554 2.8418
0.2207 -1.2805 2.8420
0.2204 -1.3053 2.8416
0.2200 -1.3299 2.8406
0.2197 -1.3542 2.8392
0.2193 -1.3782 2.8372
0.2190 -1.4019 2.8348
0.2187 -1.4252 2.8319
0.2183 -1.4483 2.8285
0.2180 -1.4710 2.8247
0.2177 -1.4933 2.8205
0.2174 -1.5153 2.8159
0.2170 -1.5369 2.8109
0.2167 -1.5582 2.8056
0.2164 -1.5790 2.7999
0.2161 -1.5995 2.7939
0.2158 -1.6196 2.7876
0.2156 -1.6392 2.7810
0.2153 -1.6585 2.7742
0.2150 -1.6774 2.7671
0.2147 -1.6958 2.7598
0.2145 -1.7138 2.7523
0.2142 -1.7314 2.7446
0.2140 -1.7486 2.7368
0.2137 -1.7654 2.7287
0.2135 -1.7818 2.7206
0.2133 -1.7977 2.7123
0.2130 -1.8132 2.7040
0.2128 -1.8283 2.6955
0.2126 -1.8430 2.6870
0.2124 -1.8572 2.6785
0.2122 -1.8711 2.6699
0.2120 -1.8845 2.6613
0.2118 -1.8975 2.6527
0.2116 -1.9101 2.6441
0.2115 -1.9223 2.6356
0.2113 -1.9341 2.6271
0.2111 -1.9455 2.6186
0.2110 -1.9566 2.6102
0.2108 -1.9672 2.6020
0.2107 -1.9774 2.5938
0.2105 -1.9873 2.5857
0.2104 -1.9968 2.5778
0.2103 -2.0059 2.5700
0.2101 -2.0146 2.5624
0.2100 -2.0230 2.5549
0.2099 -2.0310 2.5476
0.2098 -2.0387 2.5405
0.2097 -2.0460 2.5336
0.2096 -2.0530 2.5269
0.2095 -2.0596 2.5204
0.2094 -2.0659 2.5141
0.2093 -2.0719 2.5081
0.2092 -2.0775 2.5023
0.2092 -2.0828 2.4968
0.2091 -2.0878 2.4916
0.2090 -2.0925 2.4866
0.2090 -2.0968 2.4819
0.2089 -2.1009 2.4775
0.2088 -2.1046 2.4733
0.2088 -2.1081 2.4695
0.2087 -2.1112 2.4660
0.2087 -2.1140 2.4628
0.2087 -2.1165 2.4599
0.2086 -2.1188 2.4574
0.2086 -2.1207 2.4551
0.2086 -2.1223 2.4532
0.2086 -2.1237 2.4517
0.2085 -2.1247 2.4504
0.2085 -2.1255 2.4496
0.2085 -2.1259 2.4490
0.2085 -2.1261 2.4489
0.2085 -2.1261 2.4489
0.2089 -2.1232 2.4414
0.2094 -2.1197 2.4324
0.2100 -2.1155 2.4215
0.2108 -2.1104 2.4085
0.2116 -2.1045 2.3933
0.2126 -2.0978 2.3759
0.2137 -2.0902 2.3565
0.2149 -2.0819 2.3350
0.2161 -2.0730 2.3122
0.2173 -2.0639 2.2884
0.2181 -2.0546 2.2639
0.2182 -2.0454 2.2388
0.2174 -2.0362 2.2135
0.2159 -2.0269 2.1880
0.2139 -2.0176 2.1626
0.2129 -2.0092 2.1402
0.2118 -2.0006 2.1173
0.2107 -1.9917 2.0939
0.2094 -1.9826 2.0700
0.2082 -1.9734 2.0456
0.2070 -1.9641 2.0209
0.2058 -1.9547 1.9960
0.2047 -1.9454 1.9709
0.2038 -1.9361 1.9457
0.2030 -1.9270 1.9206
0.2024 -1.9179 1.8958
0.2020 -1.9091 1.8713
0.2017 -1.9004 1.8473
0.2016 -1.8919 1.8239
0.2017 -1.8837 1.8011
0.2020 -1.8757 1.7791
0.2024 -1.8680 1.7579
0.2030 -1.8605 1.7376
0.2038 -1.8532 1.7181
0.2047 -1.8461 1.6995
0.2057 -1.8392 1.6818
0.2068 -1.8327 1.6650
0.2080 -1.8264 1.6491
0.2093 -1.8204 1.6341
0.2090 -1.8128 1.6142
0.2096 -1.8055 1.5952
0.2111 -1.7985 1.5773
0.2138 -1.7922 1.5607
0.2175 -1.7866 1.5456
0.2223 -1.7820 1.5324
0.2280 -1.7780 1.5216
0.2341 -1.7745 1.5133
0.2403 -1.7712 1.5075
0.2463 -1.7680 1.5035
0.2519 -1.7647 1.5012
0.2568 -1.7615 1.5001
0.2604 -1.7585 1.5000
0.2612 -1.7577 1.5000
0.2612 -1.7577 1.5000
0.2612 -1.7577 1.5000
0.2612 -1.7577 1.5000
0.2612 -1.7577 1.5000
0.2612 -1.7577 1.5000
0.2612 -1.7577 1.5000
0.2612 -1.7577 1.5000
0.2612 -1.7577 1.5000
0.2612 -1.7577 1.5000
0.2612 -1.7577 1.5000
0.2612 -1.7577 1.4995
0.2612 -1.7577 1.4980
0.2612 -1.7577 1.4956
0.2612 -1.7577 1.4923
0.2612 -1.7576 1.4880
0.2612 -1.7575 1.4829
0.2612 -1.7572 1.4769
0.2612 -1.7568 1.4699
0.2612 -1.7563 1.4622
0.2612 -1.7556 1.4536
0.2612 -1.7546 1.4442
0.2612 -1.7534 1.4339
0.2612 -1.7518 1.4230
0.2612 -1.7498 1.4112
0.2612 -1.7474 1.3988
0.2612 -1.7445 1.3857
0.2612 -1.7411 1.3719
0.2612 -1.7370 1.3575
0.2612 -1.7323 1.3426
0.2612 -1.7269 1.3272
0.2612 -1.7208 1.3113
0.2612 -1.7138 1.2950
0.2612 -1.7060 1.2784
0.2612 -1.6972 1.2614
0.2612 -1.6875 1.2443
0.2612 -1.6767 1.2271
0.2612 -1.6649 1.2098
0.2612 -1.6521 1.1925
0.2612 -1.6381 1.1754
0.2612 -1.6230 1.1585
0.2612 -1.6068 1.1419
0.2612 -1.5894 1.1257
0.2612 -1.5708 1.1101
0.2612 -1.5511 1.0950
0.2612 -1.5302 1.0807
0.2612 -1.5082 1.0672
0.2612 -1.4852 1.0547
0.2612 -1.4611 1.0432
0.2612 -1.4360 1.0328
0.2612 -1.4099 1.0237
0.2612 -1.3830 1.0159
0.2612 -1.3554 1.0096
0.2612 -1.3270 1.0048
0.2612 -1.2980 1.0016
0.2612 -1.2685 1.0001
0.2612 -1.2387 1.0003
0.2612 -1.2086 1.0024
0.2612 -1.1783 1.0063
0.2612 -1.1481 1.0121
0.2612 -1.1180 1.0199
0.2612 -1.0882 1.0296
0.2612 -1.0588 1.0413
0.2612 -1.0299 1.0549
0.2612 -1.0019 1.0704
0.2612 -0.9746 1.0878
0.2612 -0.9484 1.1071
0.2612 -0.9234 1.1282
0.2612 -0.8997 1.1509
0.2612 -0.8774 1.1754
0.2612 -0.8567 1.2013
0.2612 -0.8377 1.2287
0.2612 -0.8205 1.2574
0.2612 -0.8052 1.2872
0.2612 -0.7920 1.3181
0.2612 -0.7808 1.3500
0.2612 -0.7717 1.3825
0.2612 -0.7649 1.4156
0.2612 -0.7603 1.4492
0.2612 -0.7580 1.4830
0.2612 -0.7580 1.5169
0.2612 -0.7603 1.5507
0.2612 -0.7649 1.5843
0.2612 -0.7717 1.6174
0.2612 -0.7808 1.6499
0.2612 -0.7920 1.6818
0.2612 -0.8052 1.7127
0.2612 -0.8205 1.7425
0.2612 -0.8377 1.7712
0.2612 -0.8567 1.7986
0.2612 -0.8774 1.8245
0.2612 -0.8997 1.8490
0.2612 -0.9234 1.8717
0.2612 -0.9484 1.8928
0.2612 -0.9746 1.9121
0.2612 -1.0019 1.9295
0.2612 -1.0299 1.9450
0.2612 -1.0588 1.9586
0.2612 -1.0882 1.9703
0.2612 -1.1180 1.9800
0.2612 -1.1481 1.9878
0.2612 -1.1783 1.9936
0.2612 -1.2086 1.9975
0.2612 -1.2387 1.9996
0.2612 -1.2685 1.9998
0.2612 -1.2980 1.9983
0.2612 -1.3270 1.9951
0.2612 -1.3554 1.9903
0.2612 -1.3830 1.9840
0.2612 -1.4099 1.9762
0.2612 -1.4360 1.9671
0.2612 -1.4611 1.9567
0.2612 -1.4852 1.9452
0.2612 -1.5082 1.9327
0.2612 -1.5302 1.9192
0.2612 -1.5511 1.9049
0.2612 -1.5708 1.8898
0.2612 -1.5894 1.8742
0.2612 -1.6068 1.8580
0.2612 -1.6230 1.8414
0.2612 -1.6381 1.8245
0.2612 -1.6521 1.8074
0.2612 -1.6649 1.7901
0.2612 -1.6767 1.7728
0.2612 -1.6875 1.7556
0.2612 -1.6972 1.7385
0.2612 -1.7060 1.7215
0.2612 -1.7138 1.7049
0.2612 -1.7208 1.6886
0.2612 -1.7269 1.6727
0.2612 -1.7323 1.6573
0.2612 -1.7370 1.6424
0.2612 -1.7411 1.6280
0.2612 -1.7445 1.6142
0.2612 -1.7474 1.6011
0.2612 -1.7498 1.5887
0.2612 -1.7518 1.5769
0.2612 -1.7534 1.5660
0.2612 -1.7546 1.5557
0.2612 -1.7556 1.5463
0.2612 -1.7563 1.5377
0.2612 -1.7568 1.5300
0.2612 -1.7572 1.5230
0.2612 -1.7575 1.5170
0.2612 -1.7576 1.5119
0.2612 -1.7577 1.5076
0.2612 -1.7577 1.5043
0.2612 -1.7577 1.5019
0.2612 -1.7577 1.5004
0.2612 -1.7577 1.5000
0.2612 -1.7577 1.5000
0.2612 -1.7577 1.5000
0.2670 -1.7517 1.5000
0.2745 -1.7440 1.5000
0.2838 -1.7342 1.5000
0.2952 -1.7225 1.5000
0.3085 -1.7087 1.5000
0.3237 -1.6928 1.5000
0.3410 -1.6749 1.5000
0.3600 -1.6551 1.5000
0.3803 -1.6340 1.5000
0.3988 -1.6116 1.5000
0.4174 -1.5891 1.5000
0.4357 -1.5673 1.5000
0.4537 -1.5467 1.5000
0.4709 -1.5279 1.5000
0.4871 -1.5107 1.5000
0.5024 -1.4946 1.5000
0.5177 -1.4785 1.5000
0.5331 -1.4625 1.5000
0.5482 -1.4468 1.5000
0.5656 -1.4278 1.5000
0.5838 -1.4079 1.5000
0.6024 -1.3874 1.5000
0.6211 -1.3666 1.5000
0.6394 -1.3460 1.5000
0.6564 -1.3263 1.5000
0.6715 -1.3081 1.5000
0.6859 -1.2925 1.5000
0.6995 -1.2795 1.5000
0.7125 -1.2699 1.5000
0.7236 -1.2627 1.5000
0.7327 -1.2577 1.5000
0.7403 -1.2540 1.5000
0.7500 -1.2500 1.5000
0.7500 -1.2500 1.4900
0.7500 -1.2500 1.4800
0.7500 -1.2500 1.4700
0.7500 -1.2500 1.4600
0.7500 -1.2500 1.4500
0.7500 -1.2500 1.4400
0.7500 -1.2500 1.4299
0.7500 -1.2500 1.4199
0.7500 -1.2500 1.4099
0.7500 -1.2500 1.3999
0.7500 -1.2500 1.3899
0.7500 -1.2500 1.3799
0.7500 -1.2500 1.3700
0.7500 -1.2500 1.3600
0.7500 -1.2500 1.3500
0.7500 -1.2500 1.3400
0.7500 -1.2500 1.3300
0.7500 -1.2500 1.3200
0.7500 -1.2500 1.3099
0.7500 -1.2500 1.2999
0.7500 -1.2500 1.2899
0.7500 -1.2500 1.2799
0.7500 -1.2500 1.2699
0.7500 -1.2500 1.2599
0.7500 -1.2500 1.2500
0.7500 -1.2500 1.2400
0.7500 -1.2500 1.2300
0.7500 -1.2500 1.2200
0.7500 -1.2500 1.2100
0.7500 -1.2500 1.2000
0.7500 -1.2500 1.1900
0.7500 -1.2500 1.1799
0.7500 -1.2500 1.1699
0.7500 -1.2500 1.1599
0.7500 -1.2500 1.1499
0.7500 -1.2500 1.1399
0.7500 -1.2500 1.1299
0.7500 -1.2500 1.1200
0.7500 -1.2500 1.1100
0.7500 -1.2500 1.1000
0.7500 -1.2500 1.0900
0.7500 -1.2500 1.0800
0.7500 -1.2500 1.0700
0.7500 -1.2500 1.0599
0.7500 -1.2500 1.0499
0.7500 -1.2500 1.0399
0.7500 -1.2500 1.0299
0.7500 -1.2500 1.0199
0.7500 -1.2500 1.0099
0.7500 -1.2500 1.0000
0.7500 -1.2500 0.9900
0.7500 -1.2500 0.9800
0.7500 -1.2500 0.9700
0.7500 -1.2500 0.9599
0.7500 -1.2500 0.9499
0.7500 -1.2500 0.9399
0.7500 -1.2500 0.9300
0.7500 -1.2500 0.9200
0.7500 -1.2500 0.9100
0.7500 -1.2500 0.8999
0.7500 -1.2500 0.8899
0.7500 -1.2500 0.8799
0.7500 -1.2500 0.8700
0.7500 -1.2500 0.8600
0.7500 -1.2500 0.8500
0.7500 -1.2500 0.8399
0.7500 -1.2500 0.8299
0.7500 -1.2500 0.8199
0.7500 -1.2500 0.8100
0.7500 -1.2500 0.8000
0.7500 -1.2500 0.7900
0.7500 -1.2500 0.7799
0.7500 -1.2500 0.7699
0.7500 -1.2500 0.7599
0.7500 -1.2500 0.7500
0.7500 -1.2500 0.7400
0.7500 -1.2500 0.7300
0.7500 -1.2500 0.7200
0.7500 -1.2500 0.7099
0.7500 -1.2500 0.6999
0.7500 -1.2500 0.6899
0.7500 -1.2500 0.6800
0.7500 -1.2500 0.6700
0.7500 -1.2500 0.6600
0.7500 -1.2500 0.6499
0.7500 -1.2500 0.6399
0.7500 -1.2500 0.6299
0.7500 -1.2500 0.6200
0.7500 -1.2500 0.6100
0.7500 -1.2500 0.6000
0.7500 -1.2500 0.5899
0.7500 -1.2500 0.5799
0.7500 -1.2500 0.5699
0.7500 -1.2500 0.5600
0.7500 -1.2500 0.5500
0.7500 -1.2500 0.5400
0.7500 -1.2500 0.5299
0.7500 -1.2500 0.5199
0.7500 -1.2500 0.5099
0.7500 -1.2500 0.5000
0.7500 -1.2500 0.4900
0.7500 -1.2500 0.4799
0.7500 -1.2500 0.4699
0.7500 -1.2500 0.4600
0.7500 -1.2500 0.4499
0.7500 -1.2500 0.4399
0.7500 -1.2500 0.4300
0.7500 -1.2500 0.4199
0.7500 -1.2500 0.4099
0.7500 -1.2500 0.4000
0.7500 -1.2500 0.3899
0.7500 -1.2500 0.3799
0.7500 -1.2500 0.3700
0.7500 -1.2500 0.3600
0.7500 -1.2500 0.3499
0.7500 -1.2500 0.3400
0.7500 -1.2500 0.3300
0.7500 -1.2500 0.3199
0.7500 -1.2500 0.3100
0.7500 -1.2500 0.3000
0.7500 -1.2500 0.2899
0.7500 -1.2500 0.2800
0.7500 -1.2500 0.2700
0.7500 -1.2500 0.2599
0.7500 -1.2500 0.2500
0.7500 -1.2500 0.2399
0.7500 -1.2500 0.2300
0.7500 -1.2500 0.2199
0.7500 -1.2500 0.2099
